# Camera list with one line of data per camera:
#   CAMERA_ID, MODEL, WIDTH, HEIGHT, PARAMS[]
# Number of cameras: 100
1 PINHOLE 800 800 1101.1097046369539 1107.6288983558861 400 400
2 PINHOLE 800 800 1097.268647693819 1105.1082819372189 400 400
3 PINHOLE 800 800 1098.1522822187992 1106.5548000483932 400 400
4 PINHOLE 800 800 1115.46403156474 1119.2807913286085 400 400
5 PINHOLE 800 800 1117.0111670577762 1119.6002561977364 400 400
6 PINHOLE 800 800 1117.8412179284649 1131.5015259245183 400 400
7 PINHOLE 800 800 1117.2698387736978 1121.362228941603 400 400
8 PINHOLE 800 800 975.19207515995538 930.03466287116532 400 400
9 PINHOLE 800 800 1106.2499775633173 1112.5500324349975 400 400
10 PINHOLE 800 800 1099.6251247773837 1111.5987610214988 400 400
11 PINHOLE 800 800 1112.0772683609659 1113.7675527935655 400 400
12 PINHOLE 800 800 1103.1812651096045 1115.6431443086763 400 400
13 PINHOLE 800 800 1111.3076272481258 1120.4488983564736 400 400
14 PINHOLE 800 800 1097.3274113164 1104.6710289060215 400 400
15 PINHOLE 800 800 1112.0042422483766 1114.0197033816939 400 400
16 PINHOLE 800 800 987.10823129123958 945.97699165250822 400 400
17 PINHOLE 800 800 1099.8279289119557 1104.7667497692044 400 400
18 PINHOLE 800 800 1108.9739119042929 1116.7100238714461 400 400
19 PINHOLE 800 800 936.36759193449507 905.50629987489208 400 400
20 PINHOLE 800 800 1087.471514306179 1089.5498245727179 400 400
21 PINHOLE 800 800 1117.326369097844 1123.3538832136464 400 400
22 PINHOLE 800 800 1100.3661870032547 1106.7644433537469 400 400
23 PINHOLE 800 800 1106.0913254854472 1116.7644631309804 400 400
24 PINHOLE 800 800 1112.0867622825801 1114.623853562126 400 400
25 PINHOLE 800 800 1107.4783891147422 1111.5817680749165 400 400
26 PINHOLE 800 800 1108.5440655966433 1110.1776531521364 400 400
27 PINHOLE 800 800 1113.3216074156485 1122.4109618586326 400 400
28 PINHOLE 800 800 1104.1304928263896 1106.9576908592278 400 400
29 PINHOLE 800 800 1103.6769577449618 1110.3770484507181 400 400
30 PINHOLE 800 800 1102.3338839747425 1109.6039735818904 400 400
31 PINHOLE 800 800 1100.5720797705092 1103.8385335076703 400 400
32 PINHOLE 800 800 1114.5539607304377 1114.7112046122847 400 400
33 PINHOLE 800 800 1103.8448812980419 1110.5933718216654 400 400
34 PINHOLE 800 800 1115.2099384140893 1116.4750109939248 400 400
35 PINHOLE 800 800 976.16764896603877 925.45401083113006 400 400
36 PINHOLE 800 800 1098.9874730402244 1106.518032427841 400 400
37 PINHOLE 800 800 1106.3654929011811 1115.7986882193138 400 400
38 PINHOLE 800 800 1077.2592987203245 1076.0854353667146 400 400
39 PINHOLE 800 800 1107.896288465693 1110.6613583602937 400 400
40 PINHOLE 800 800 1115.0872781023286 1117.0721753079947 400 400
41 PINHOLE 800 800 1101.2702851402585 1106.2703101392854 400 400
42 PINHOLE 800 800 1088.989394941128 1096.4620345551455 400 400
43 PINHOLE 800 800 1112.3386674049577 1113.2299723115657 400 400
44 PINHOLE 800 800 1103.2098333860811 1103.623961858488 400 400
45 PINHOLE 800 800 1110.6820459153998 1116.1752418896438 400 400
46 PINHOLE 800 800 1102.0382001598186 1108.1074880555302 400 400
47 PINHOLE 800 800 1101.3352823058187 1106.7072422019507 400 400
48 PINHOLE 800 800 1096.2194172998625 1103.7024657969098 400 400
49 PINHOLE 800 800 1109.9445388723316 1117.8415397664201 400 400
50 PINHOLE 800 800 1102.9589981463428 1109.5698206525219 400 400
51 PINHOLE 800 800 1106.2431703549544 1113.1910336931028 400 400
52 PINHOLE 800 800 1103.4565399495805 1115.2395424699212 400 400
53 PINHOLE 800 800 1112.3221674772585 1112.7214576497004 400 400
54 PINHOLE 800 800 1114.0499538356141 1115.8804770364018 400 400
55 PINHOLE 800 800 1104.2954968351678 1109.0786308668169 400 400
56 PINHOLE 800 800 970.23935325644698 935.44129097417249 400 400
57 PINHOLE 800 800 1098.2272475309196 1104.0167802796182 400 400
58 PINHOLE 800 800 1097.7311365529067 1106.0997838081432 400 400
59 PINHOLE 800 800 1117.4769578115727 1121.6691851836815 400 400
60 PINHOLE 800 800 1111.1545474548002 1112.8309080067579 400 400
61 PINHOLE 800 800 1108.9804883655545 1120.1921991574486 400 400
62 PINHOLE 800 800 1102.0070482562965 1113.296823936591 400 400
63 PINHOLE 800 800 1132.0452486727011 1143.9572921210984 400 400
64 PINHOLE 800 800 1105.4584050776245 1108.0069990219529 400 400
65 PINHOLE 800 800 1112.7469241340893 1118.4589474561362 400 400
66 PINHOLE 800 800 1100.4129004899821 1108.0893662182361 400 400
67 PINHOLE 800 800 1100.108256828019 1106.0566717062513 400 400
68 PINHOLE 800 800 1109.7639515843873 1109.4781310678054 400 400
69 PINHOLE 800 800 1114.9706982866626 1124.0159029457504 400 400
70 PINHOLE 800 800 1099.4950454747907 1107.0987186566829 400 400
71 PINHOLE 800 800 1097.2053773359648 1108.6670256589998 400 400
72 PINHOLE 800 800 1104.0570216687563 1112.5296556253986 400 400
73 PINHOLE 800 800 972.29580262241325 926.99901321963705 400 400
74 PINHOLE 800 800 1093.3251969493756 1102.9801054360121 400 400
75 PINHOLE 800 800 1033.5294313977379 1041.2585092634909 400 400
76 PINHOLE 800 800 1110.0193586081555 1113.1125954356171 400 400
77 PINHOLE 800 800 1097.4871540192269 1104.8556586614154 400 400
78 PINHOLE 800 800 1113.9991882494028 1116.3523281221162 400 400
79 PINHOLE 800 800 1101.6000032551365 1110.6109893728219 400 400
80 PINHOLE 800 800 1090.56063597559 1094.8193304811082 400 400
81 PINHOLE 800 800 1100.1991302151912 1108.2016487507817 400 400
82 PINHOLE 800 800 1112.4324750692429 1112.2470319025331 400 400
83 PINHOLE 800 800 1101.395384984872 1109.3869250795851 400 400
84 PINHOLE 800 800 1094.544830146097 1100.1572125918442 400 400
85 PINHOLE 800 800 1116.1455476288463 1123.720544804178 400 400
86 PINHOLE 800 800 1112.8280170673688 1113.3483521511841 400 400
87 PINHOLE 800 800 1106.5592025531694 1109.2817425666228 400 400
88 PINHOLE 800 800 1107.2211698848196 1107.4785201312345 400 400
89 PINHOLE 800 800 1074.0505770342534 1084.9938646197604 400 400
90 PINHOLE 800 800 1105.6066661261189 1113.7151444848105 400 400
91 PINHOLE 800 800 1109.2719032796992 1117.5257554459188 400 400
92 PINHOLE 800 800 1109.3095443072971 1110.3656377189709 400 400
93 PINHOLE 800 800 1106.3648153318466 1111.8100441014933 400 400
94 PINHOLE 800 800 1103.6359612344795 1105.4225461431365 400 400
95 PINHOLE 800 800 1101.1883133856491 1106.8756016547641 400 400
96 PINHOLE 800 800 1104.6658411513765 1117.8453015364901 400 400
97 PINHOLE 800 800 1103.8543737351126 1110.3610794361716 400 400
98 PINHOLE 800 800 1100.1625188884514 1108.4481166725454 400 400
99 PINHOLE 800 800 1101.9971572369766 1116.5707727969316 400 400
100 PINHOLE 800 800 1106.254511019356 1109.8075934265801 400 400
