# Camera list with one line of data per camera:
#   CAMERA_ID, MODEL, WIDTH, HEIGHT, PARAMS[]
# Number of cameras: 84
1 PINHOLE 800 800 1256.7017565782535 1257.6457743987678 400 400
2 PINHOLE 800 800 1276.1506205497647 1275.8349386340083 400 400
3 PINHOLE 800 800 1248.3357340471739 1245.0218624512843 400 400
4 PINHOLE 800 800 1260.0468911505041 1265.5185899282703 400 400
6 PINHOLE 800 800 1242.0078052281317 1256.2879047619767 400 400
7 PINHOLE 800 800 1261.1638636905088 1288.0266206915128 400 400
8 PINHOLE 800 800 1232.7688714506814 1236.765875586794 400 400
9 PINHOLE 800 800 1250.5102237526721 1256.5519889518534 400 400
10 PINHOLE 800 800 1225.7891647168858 1246.8262777030827 400 400
11 PINHOLE 800 800 1253.6883736329828 1257.4293089412686 400 400
12 PINHOLE 800 800 1224.0257670264109 1237.5420823954496 400 400
13 PINHOLE 800 800 1236.1433932194191 1238.5818537367234 400 400
15 PINHOLE 800 800 1242.2240042026951 1252.0282167476144 400 400
16 PINHOLE 800 800 1252.2522899008959 1265.5607293106689 400 400
18 PINHOLE 800 800 1244.3624501421093 1247.5192153390569 400 400
21 PINHOLE 800 800 1227.8698908295664 1234.7049893551546 400 400
22 PINHOLE 800 800 1256.8486380224456 1260.7494287828417 400 400
23 PINHOLE 800 800 1249.6920875325716 1249.3418022399842 400 400
24 PINHOLE 800 800 1254.0427822580039 1272.5082411618985 400 400
25 PINHOLE 800 800 1243.3141407272803 1253.5259266115345 400 400
26 PINHOLE 800 800 1220.6036063171516 1236.3528156850684 400 400
28 PINHOLE 800 800 1228.5813070437548 1244.5141654465288 400 400
29 PINHOLE 800 800 1252.5841454299166 1261.728580449919 400 400
31 PINHOLE 800 800 1232.2135465000749 1243.956010598909 400 400
32 PINHOLE 800 800 1231.3093782461713 1255.2483332406712 400 400
33 PINHOLE 800 800 1253.4453041481941 1251.0661229336727 400 400
34 PINHOLE 800 800 1236.4968459165912 1256.2786469561781 400 400
35 PINHOLE 800 800 1281.8172886246921 1282.027957868675 400 400
36 PINHOLE 800 800 1245.6452815490354 1257.8556293352092 400 400
37 PINHOLE 800 800 1235.3470799822878 1243.4701120759848 400 400
38 PINHOLE 800 800 1223.814144703427 1244.3531442195574 400 400
39 PINHOLE 800 800 1271.0960974790128 1289.8699217970966 400 400
40 PINHOLE 800 800 1256.3627798016203 1260.2262457218389 400 400
42 PINHOLE 800 800 1252.2732902014532 1262.5341314970324 400 400
43 PINHOLE 800 800 1265.6354495846099 1272.1500224309696 400 400
44 PINHOLE 800 800 1240.5789864802609 1255.6224528204082 400 400
45 PINHOLE 800 800 1270.5251182336044 1287.637952540163 400 400
46 PINHOLE 800 800 1236.7198042485848 1236.0174825942281 400 400
47 PINHOLE 800 800 1222.9541276736361 1238.6052607422268 400 400
48 PINHOLE 800 800 1243.4228240826426 1254.4640715885002 400 400
49 PINHOLE 800 800 1252.8111660789189 1261.0624958394337 400 400
51 PINHOLE 800 800 1318.8883842186783 1331.6652358333245 400 400
52 PINHOLE 800 800 1245.0251933592156 1261.8255277404476 400 400
54 PINHOLE 800 800 1243.3337704857106 1243.743748523603 400 400
55 PINHOLE 800 800 1256.4875335534628 1274.3420963537276 400 400
56 PINHOLE 800 800 1274.5041195497679 1287.2987596778455 400 400
57 PINHOLE 800 800 1265.3360671789501 1287.0478977433404 400 400
58 PINHOLE 800 800 1246.8337180736314 1250.1841981410157 400 400
59 PINHOLE 800 800 1259.1436970820218 1258.8970999042176 400 400
60 PINHOLE 800 800 1258.6391625422436 1260.7066505735818 400 400
61 PINHOLE 800 800 1238.8402689845025 1255.1946688676364 400 400
62 PINHOLE 800 800 1235.0285856839225 1235.7949207412478 400 400
63 PINHOLE 800 800 1253.4260206138765 1256.3323515301677 400 400
64 PINHOLE 800 800 1241.5965842960377 1255.0332069741819 400 400
66 PINHOLE 800 800 1249.7803664373535 1260.965092801355 400 400
67 PINHOLE 800 800 1269.1198487229392 1270.8334358783682 400 400
68 PINHOLE 800 800 1264.3804896667982 1258.7830762006249 400 400
69 PINHOLE 800 800 1261.6234962609026 1280.5294765012354 400 400
70 PINHOLE 800 800 1257.8517054713595 1275.8553453351078 400 400
71 PINHOLE 800 800 1223.6354758221391 1236.2139808798129 400 400
72 PINHOLE 800 800 1253.3794938003723 1264.4340550876789 400 400
73 PINHOLE 800 800 1253.981797743352 1262.4605495404962 400 400
75 PINHOLE 800 800 1247.5996901645508 1251.9517468130837 400 400
76 PINHOLE 800 800 1262.2918297566127 1270.6259641304246 400 400
77 PINHOLE 800 800 1236.7416164864344 1249.5789941922767 400 400
78 PINHOLE 800 800 1243.0432897112362 1248.5828381542415 400 400
79 PINHOLE 800 800 1246.6535119546877 1268.7457785077925 400 400
80 PINHOLE 800 800 1270.6847755799597 1278.914678546952 400 400
81 PINHOLE 800 800 1268.1477315320913 1286.068632661661 400 400
82 PINHOLE 800 800 1256.5588508600026 1251.8695634718808 400 400
83 PINHOLE 800 800 1253.3518551775853 1263.7728860143802 400 400
84 PINHOLE 800 800 1263.0029937784195 1272.0276675473419 400 400
85 PINHOLE 800 800 1240.6081359625944 1251.889836185883 400 400
87 PINHOLE 800 800 1236.6976936712342 1239.0702733725216 400 400
88 PINHOLE 800 800 1255.2708827781642 1267.2812734355482 400 400
89 PINHOLE 800 800 1237.0968231932563 1249.0569417923007 400 400
92 PINHOLE 800 800 1236.0061008665959 1256.4117502531626 400 400
93 PINHOLE 800 800 1232.2772879088711 1239.6981439984388 400 400
94 PINHOLE 800 800 1232.54964065436 1259.2556271274634 400 400
95 PINHOLE 800 800 1256.4575469727795 1270.2898677693331 400 400
96 PINHOLE 800 800 1248.0717855831344 1246.6439451694316 400 400
98 PINHOLE 800 800 1299.4991484411339 1304.1579946625347 400 400
99 PINHOLE 800 800 1261.2330028889046 1279.4614390696029 400 400
100 PINHOLE 800 800 1257.3282241252148 1260.2011406053978 400 400
