# Camera list with one line of data per camera:
#   CAMERA_ID, MODEL, WIDTH, HEIGHT, PARAMS[]
# Number of cameras: 100
1 PINHOLE 800 800 1126.5028549915673 1125.5311503097821 400 400
2 PINHOLE 800 800 1111.5744070167495 1109.9397064958239 400 400
3 PINHOLE 800 800 1137.8193922961566 1144.3005882842176 400 400
4 PINHOLE 800 800 1140.7283050936928 1144.5480464715854 400 400
5 PINHOLE 800 800 1105.1776663734122 1111.0611160074886 400 400
6 PINHOLE 800 800 1118.3973967429667 1126.3612425394017 400 400
7 PINHOLE 800 800 1109.2839895486522 1118.8114569056979 400 400
8 PINHOLE 800 800 1094.1500262915797 1093.5104788659505 400 400
9 PINHOLE 800 800 1127.6905111016556 1133.5642739273283 400 400
10 PINHOLE 800 800 1130.6712549429744 1136.6569433085092 400 400
11 PINHOLE 800 800 1125.171986094877 1136.8283505936945 400 400
12 PINHOLE 800 800 1125.3186621099467 1128.1892216089414 400 400
13 PINHOLE 800 800 1105.5513608802376 1113.9913922484213 400 400
14 PINHOLE 800 800 1121.0202839494739 1123.7853151042614 400 400
15 PINHOLE 800 800 1103.4805657045865 1109.3724285987146 400 400
16 PINHOLE 800 800 1098.0367938296088 1098.8702177395564 400 400
17 PINHOLE 800 800 1134.8862233827649 1139.1992381735442 400 400
18 PINHOLE 800 800 1100.6401382950262 1109.4105987553019 400 400
19 PINHOLE 800 800 1112.7616622076584 1119.2746850492354 400 400
20 PINHOLE 800 800 1105.4094655848662 1114.9803159809367 400 400
21 PINHOLE 800 800 1114.7907677652327 1120.7289991222499 400 400
22 PINHOLE 800 800 1123.6394492992044 1131.4113883721272 400 400
23 PINHOLE 800 800 1131.8031386178509 1138.2590621511119 400 400
24 PINHOLE 800 800 1138.0199962735385 1147.0484687819041 400 400
25 PINHOLE 800 800 1114.8762196314237 1116.0990095723848 400 400
26 PINHOLE 800 800 1097.1002358668086 1109.6189148260239 400 400
27 PINHOLE 800 800 1099.4618623433116 1111.8313855381309 400 400
28 PINHOLE 800 800 1117.3503725438204 1119.4508143619214 400 400
29 PINHOLE 800 800 1127.6496590620827 1130.3555316020559 400 400
30 PINHOLE 800 800 1118.6343465101215 1119.7008391547497 400 400
31 PINHOLE 800 800 1090.3904011718835 1090.0861180531624 400 400
32 PINHOLE 800 800 1107.9912545959673 1115.0225885102359 400 400
33 PINHOLE 800 800 1112.0519693558276 1116.7805990971265 400 400
34 PINHOLE 800 800 1115.2245615726829 1116.3169308550398 400 400
35 PINHOLE 800 800 1118.1141713981453 1119.9161713026572 400 400
36 PINHOLE 800 800 1110.7089188645757 1114.319381360333 400 400
37 PINHOLE 800 800 1109.8453106771487 1113.5994107363779 400 400
38 PINHOLE 800 800 1119.8250880980927 1124.9747702120571 400 400
39 PINHOLE 800 800 1112.9114649245964 1119.1032664757313 400 400
40 PINHOLE 800 800 1128.3806877900604 1132.860276812364 400 400
41 PINHOLE 800 800 1113.8124320159898 1119.8608577016385 400 400
42 PINHOLE 800 800 1110.5916846648247 1117.9212878472433 400 400
43 PINHOLE 800 800 1105.7793636034937 1109.5233311561076 400 400
44 PINHOLE 800 800 1108.8359487884281 1110.5289574563431 400 400
45 PINHOLE 800 800 1109.6347000822298 1115.8167720885904 400 400
46 PINHOLE 800 800 1113.2501668742677 1123.0041885425799 400 400
47 PINHOLE 800 800 1117.1543357833455 1127.2542277599491 400 400
48 PINHOLE 800 800 1127.3779597542018 1135.4917988602604 400 400
49 PINHOLE 800 800 1118.1780152905856 1121.0853762227407 400 400
50 PINHOLE 800 800 1120.0370592303989 1121.294160977423 400 400
51 PINHOLE 800 800 1118.4193323227712 1118.5598462206679 400 400
52 PINHOLE 800 800 1126.7664041343339 1133.5205562620959 400 400
53 PINHOLE 800 800 1095.2702941900393 1103.3601901553229 400 400
54 PINHOLE 800 800 1106.2877940088033 1109.2333378165972 400 400
55 PINHOLE 800 800 1101.0709462882894 1101.6247779139528 400 400
56 PINHOLE 800 800 1136.0726467133427 1145.8066086339745 400 400
57 PINHOLE 800 800 1123.0713088990033 1131.7033463705491 400 400
58 PINHOLE 800 800 1128.5047371266355 1137.7924631159253 400 400
59 PINHOLE 800 800 1115.8991996027714 1118.9099183087917 400 400
60 PINHOLE 800 800 1108.6971158434199 1115.8823708030673 400 400
61 PINHOLE 800 800 1103.2578003319604 1106.5184494566236 400 400
62 PINHOLE 800 800 1090.2148301183222 1089.6170889631676 400 400
63 PINHOLE 800 800 1099.6298282135251 1100.446239718684 400 400
64 PINHOLE 800 800 1113.1337606940754 1121.4806194299154 400 400
65 PINHOLE 800 800 1103.0865584214339 1110.9504379529044 400 400
66 PINHOLE 800 800 1113.1916060145527 1113.3004329872545 400 400
67 PINHOLE 800 800 1133.4601599816979 1140.9494098714258 400 400
68 PINHOLE 800 800 1112.7001715161452 1120.9358724200208 400 400
69 PINHOLE 800 800 1105.4766418165873 1116.1510906413291 400 400
70 PINHOLE 800 800 1106.1982624324498 1105.9322854836978 400 400
71 PINHOLE 800 800 1112.3342113730487 1120.8223762443852 400 400
72 PINHOLE 800 800 1122.8804431626845 1128.215618876837 400 400
73 PINHOLE 800 800 1126.6743638851385 1128.6744049561314 400 400
74 PINHOLE 800 800 1116.1504036396418 1118.2031820175314 400 400
75 PINHOLE 800 800 1109.3393701845723 1119.9625751586534 400 400
76 PINHOLE 800 800 1106.7622481294459 1110.2886113067725 400 400
77 PINHOLE 800 800 1111.9281543860454 1114.4755994666866 400 400
78 PINHOLE 800 800 1116.4800524410639 1116.9758656305935 400 400
79 PINHOLE 800 800 1119.1899139154459 1127.2912402038623 400 400
80 PINHOLE 800 800 1114.8416285219421 1124.8946852426743 400 400
81 PINHOLE 800 800 1119.4841570452188 1122.865975767862 400 400
82 PINHOLE 800 800 1105.8162458557204 1109.6184886023948 400 400
83 PINHOLE 800 800 1114.2905850297559 1117.1865144729875 400 400
84 PINHOLE 800 800 1108.9851804394334 1109.6303276051524 400 400
85 PINHOLE 800 800 1119.5862929339255 1125.0200241603811 400 400
86 PINHOLE 800 800 1135.7210990632245 1144.3124896922936 400 400
87 PINHOLE 800 800 1126.7785216458769 1132.5556080356366 400 400
88 PINHOLE 800 800 1138.5014896014077 1143.5353481851764 400 400
89 PINHOLE 800 800 1126.0348509103674 1133.14859050872 400 400
90 PINHOLE 800 800 1134.6663143644414 1139.5395180463443 400 400
91 PINHOLE 800 800 1125.6710936034149 1131.5688600547446 400 400
92 PINHOLE 800 800 1118.0451810696977 1124.7744920169862 400 400
93 PINHOLE 800 800 1099.2354838710453 1108.5777611381893 400 400
94 PINHOLE 800 800 1121.6091393968891 1128.7207671259357 400 400
95 PINHOLE 800 800 1112.2915673007749 1111.9409350902536 400 400
96 PINHOLE 800 800 1129.8934032037776 1137.5002849542748 400 400
97 PINHOLE 800 800 1124.5640772302536 1130.9377254079857 400 400
98 PINHOLE 800 800 1109.8605446671918 1111.7236190369429 400 400
99 PINHOLE 800 800 1130.7764767782048 1139.2828645990473 400 400
100 PINHOLE 800 800 1110.1029301108222 1115.7700096607371 400 400
