# Camera list with one line of data per camera:
#   CAMERA_ID, MODEL, WIDTH, HEIGHT, PARAMS[]
# Number of cameras: 12
2 PINHOLE 800 800 849.23301864270161 1023.5159522672352 400 400
9 PINHOLE 800 800 886.58331122324023 1070.901418147751 400 400
11 PINHOLE 800 800 895.78132175765484 1072.9056242064103 400 400
12 PINHOLE 800 800 887.01085464629455 1035.2329517958021 400 400
22 PINHOLE 800 800 752.65986499501946 862.90289526898164 400 400
29 PINHOLE 800 800 861.47105182764847 1003.4272717082698 400 400
31 PINHOLE 800 800 822.51467492430754 979.54234584146684 400 400
36 PINHOLE 800 800 850.85501117935326 962.47256417172571 400 400
71 PINHOLE 800 800 849.25553864014728 988.30219178956634 400 400
85 PINHOLE 800 800 946.57726286086768 1232.4499555057812 400 400
92 PINHOLE 800 800 819.69078521593167 954.66630755944084 400 400
96 PINHOLE 800 800 902.78362918679056 1093.6370607960323 400 400
