# Camera list with one line of data per camera:
#   CAMERA_ID, MODEL, WIDTH, HEIGHT, PARAMS[]
# Number of cameras: 98
1 PINHOLE 800 800 1092.3104076889022 1092.3548805476601 400 400
2 PINHOLE 800 800 1113.2982822217532 1108.5309969836858 400 400
3 PINHOLE 800 800 1029.2252402366157 1019.8376358631092 400 400
4 PINHOLE 800 800 1107.543494073286 1101.0985239999156 400 400
5 PINHOLE 800 800 1106.3907009083875 1095.3673457933467 400 400
6 PINHOLE 800 800 1103.4968190068801 1102.7996574402705 400 400
7 PINHOLE 800 800 1102.1313122099712 1097.885816725259 400 400
9 PINHOLE 800 800 1111.5224347257315 1100.2434512007151 400 400
10 PINHOLE 800 800 1103.3282468468337 1097.5551848256609 400 400
11 PINHOLE 800 800 1102.5174243589429 1091.3942597622527 400 400
12 PINHOLE 800 800 1098.34918841268 1095.4914590448573 400 400
13 PINHOLE 800 800 1085.1929285060676 1081.8549818144834 400 400
14 PINHOLE 800 800 1100.6850521858512 1089.4745534183485 400 400
15 PINHOLE 800 800 1108.1279649116912 1100.6182345591606 400 400
16 PINHOLE 800 800 1113.6669329271961 1110.0418655762094 400 400
17 PINHOLE 800 800 1100.5782343631331 1094.062002276783 400 400
18 PINHOLE 800 800 1100.4762504037872 1088.4960002437385 400 400
19 PINHOLE 800 800 1102.4103268433587 1089.0809315929237 400 400
20 PINHOLE 800 800 1082.9816257585824 1080.4431769850271 400 400
21 PINHOLE 800 800 1026.871889308771 1013.0122435430316 400 400
22 PINHOLE 800 800 1089.2558769215 1089.888683065145 400 400
23 PINHOLE 800 800 1100.5670940390492 1091.8214230460776 400 400
24 PINHOLE 800 800 1096.2966179161842 1094.2343836849502 400 400
25 PINHOLE 800 800 1086.5029456894163 1085.0231123564781 400 400
26 PINHOLE 800 800 1117.276622491396 1115.7436688912303 400 400
27 PINHOLE 800 800 1107.0890611844814 1096.4770740442964 400 400
28 PINHOLE 800 800 1094.2370028415592 1095.0409707231086 400 400
29 PINHOLE 800 800 1123.0084455834512 1134.9631393362802 400 400
30 PINHOLE 800 800 1090.809884160728 1079.9010146481655 400 400
31 PINHOLE 800 800 1124.5121234569644 1128.3764374633752 400 400
32 PINHOLE 800 800 1114.3231303875014 1113.7134168096136 400 400
33 PINHOLE 800 800 1103.4697673863911 1102.2427841607455 400 400
34 PINHOLE 800 800 1103.7962563279577 1094.9140392381132 400 400
35 PINHOLE 800 800 1105.8304638409545 1094.9979364509973 400 400
36 PINHOLE 800 800 1115.6980071483822 1114.6580937018359 400 400
37 PINHOLE 800 800 1088.8871870348339 1085.9468567186095 400 400
38 PINHOLE 800 800 1099.7890205471642 1097.6788846183565 400 400
39 PINHOLE 800 800 1102.0797588141356 1091.6650780230784 400 400
40 PINHOLE 800 800 1060.671878912038 1050.8819158225785 400 400
41 PINHOLE 800 800 1096.7568481179753 1092.7449373455022 400 400
42 PINHOLE 800 800 1128.6493058586636 1118.7197239522118 400 400
43 PINHOLE 800 800 1105.9267969717862 1106.4172017728433 400 400
44 PINHOLE 800 800 1092.1420630379978 1091.9889226528085 400 400
45 PINHOLE 800 800 1083.7821740276227 1078.3504150179645 400 400
46 PINHOLE 800 800 1110.1206365369828 1108.2723068084508 400 400
47 PINHOLE 800 800 1093.2514347847291 1083.9236665384276 400 400
48 PINHOLE 800 800 1101.6806726917396 1096.5183740228383 400 400
49 PINHOLE 800 800 1110.3299458715139 1108.7186268816308 400 400
50 PINHOLE 800 800 1092.509522917424 1081.2694770200037 400 400
51 PINHOLE 800 800 1088.6849012911578 1104.7132371953539 400 400
52 PINHOLE 800 800 1092.2069369162723 1088.9444684210437 400 400
53 PINHOLE 800 800 1094.2002393737448 1085.077989051844 400 400
54 PINHOLE 800 800 1092.075067151374 1084.1496504157481 400 400
55 PINHOLE 800 800 1086.3022017301423 1086.5472754752475 400 400
56 PINHOLE 800 800 1109.5538015195907 1100.0549482403555 400 400
57 PINHOLE 800 800 1112.8382636119595 1103.4802785977015 400 400
58 PINHOLE 800 800 1070.8965669592067 1068.0276253074949 400 400
59 PINHOLE 800 800 1103.1894686925143 1101.0894768183909 400 400
60 PINHOLE 800 800 1111.5309584768872 1105.4580119414397 400 400
61 PINHOLE 800 800 1121.3959610576826 1123.3140329090998 400 400
62 PINHOLE 800 800 1091.386335940095 1088.9076157055904 400 400
63 PINHOLE 800 800 1115.441208834307 1115.989111956465 400 400
64 PINHOLE 800 800 1094.5022834126139 1087.3394560182464 400 400
65 PINHOLE 800 800 1098.5473462177822 1090.3353925580861 400 400
66 PINHOLE 800 800 1100.6581148294974 1087.9343251904531 400 400
68 PINHOLE 800 800 1097.1499296395266 1094.6847692976573 400 400
69 PINHOLE 800 800 1110.874604046177 1112.349134441658 400 400
70 PINHOLE 800 800 1121.9206336763789 1120.7128991668962 400 400
71 PINHOLE 800 800 1104.8993287596813 1093.8385557407719 400 400
72 PINHOLE 800 800 1076.4308010873499 1073.6563635582365 400 400
73 PINHOLE 800 800 1089.7938625717009 1086.4129989309638 400 400
74 PINHOLE 800 800 1115.6545923248068 1107.1169549449398 400 400
75 PINHOLE 800 800 1106.2363459038552 1104.6368392635554 400 400
76 PINHOLE 800 800 1125.858605527935 1126.2805560554186 400 400
77 PINHOLE 800 800 1120.9714727359776 1123.5443187518699 400 400
78 PINHOLE 800 800 1068.5792514640955 1085.8653558678454 400 400
79 PINHOLE 800 800 1088.2699152453456 1102.0591321486618 400 400
80 PINHOLE 800 800 1101.190933258174 1088.1408058276891 400 400
81 PINHOLE 800 800 975.39787925796134 950.55218767110398 400 400
82 PINHOLE 800 800 1093.3011632602588 1083.6525923311424 400 400
83 PINHOLE 800 800 1098.150770752688 1097.2171894505877 400 400
84 PINHOLE 800 800 1119.0966667659657 1119.4174295170258 400 400
85 PINHOLE 800 800 1111.5289010286544 1109.1776984291805 400 400
86 PINHOLE 800 800 1105.4172064006661 1097.923304424477 400 400
87 PINHOLE 800 800 1102.3287420584852 1114.0347811181016 400 400
88 PINHOLE 800 800 1108.3989952978245 1104.4524816012217 400 400
89 PINHOLE 800 800 1064.0112297656528 1045.0597586409344 400 400
90 PINHOLE 800 800 1079.8417511952978 1076.9871469599502 400 400
91 PINHOLE 800 800 1097.2781884559442 1093.5407741408392 400 400
92 PINHOLE 800 800 1135.2460756622579 1125.0933103211464 400 400
93 PINHOLE 800 800 1102.3773548619431 1095.3749244043349 400 400
94 PINHOLE 800 800 1035.2804141231718 1026.6566006490241 400 400
95 PINHOLE 800 800 1085.8978058980892 1090.7939540709092 400 400
96 PINHOLE 800 800 1103.100935948544 1097.4837601419101 400 400
97 PINHOLE 800 800 1098.3154644199331 1095.2085584253523 400 400
98 PINHOLE 800 800 1072.0150674824235 1054.2724717091994 400 400
99 PINHOLE 800 800 1096.3311604597 1086.1396167140979 400 400
100 PINHOLE 800 800 1095.6421936381839 1085.1579752144971 400 400
