# Camera list with one line of data per camera:
#   CAMERA_ID, MODEL, WIDTH, HEIGHT, PARAMS[]
# Number of cameras: 100
1 PINHOLE 800 800 1099.3918610794683 1045.4748928018264 400 400
2 PINHOLE 800 800 1084.8912407853868 1096.7603746771088 400 400
3 PINHOLE 800 800 1096.486846224992 1054.800837045191 400 400
4 PINHOLE 800 800 1111.7776218871782 1112.5673862655615 400 400
5 PINHOLE 800 800 1114.7946174866956 1120.3692934178646 400 400
6 PINHOLE 800 800 1115.0032194129299 1114.8283320112339 400 400
7 PINHOLE 800 800 1098.6957542931946 1103.7747225547364 400 400
8 PINHOLE 800 800 1106.60930436438 1122.8702561366374 400 400
9 PINHOLE 800 800 1110.2184999114954 1127.4759376070574 400 400
10 PINHOLE 800 800 1104.817293776422 1104.629789644074 400 400
11 PINHOLE 800 800 1098.5607739676454 1112.8687840874975 400 400
12 PINHOLE 800 800 1102.5335081565918 1102.658834432272 400 400
13 PINHOLE 800 800 1107.6157441172052 1122.122984874756 400 400
14 PINHOLE 800 800 1126.5856791762665 1126.6245661306393 400 400
15 PINHOLE 800 800 1102.6231398775083 1112.9463085766492 400 400
16 PINHOLE 800 800 1108.9082666439522 1109.3309105731614 400 400
17 PINHOLE 800 800 1102.5797326306044 1066.2779770999055 400 400
18 PINHOLE 800 800 1099.663419642681 1049.3656870204577 400 400
19 PINHOLE 800 800 1110.2586996973532 1126.8804669747319 400 400
20 PINHOLE 800 800 1062.7811567672652 1069.4968453011354 400 400
21 PINHOLE 800 800 1127.2052723039562 1129.146736072621 400 400
22 PINHOLE 800 800 1114.8649107225747 1135.7019287224348 400 400
23 PINHOLE 800 800 1082.9238664939232 1088.2681590653222 400 400
24 PINHOLE 800 800 1110.4244915834154 1118.3792874468788 400 400
25 PINHOLE 800 800 1119.4046477697179 1079.6279175128716 400 400
26 PINHOLE 800 800 1169.502152882839 1225.38404646711 400 400
27 PINHOLE 800 800 1108.2794431330328 1112.322364796581 400 400
28 PINHOLE 800 800 1104.1049635886638 1119.074554119904 400 400
29 PINHOLE 800 800 1119.0627148372598 1119.496543018631 400 400
30 PINHOLE 800 800 1091.5286507965934 1094.7330984232005 400 400
31 PINHOLE 800 800 959.58750154616553 979.54858533719346 400 400
32 PINHOLE 800 800 1097.3770876926119 1098.5793462181869 400 400
33 PINHOLE 800 800 1349.9188518597739 1306.10847867646 400 400
34 PINHOLE 800 800 1088.0074107983914 1093.5466154875774 400 400
35 PINHOLE 800 800 1117.8742058397343 1117.3463382366479 400 400
36 PINHOLE 800 800 1091.2062427855503 1096.1194249583812 400 400
37 PINHOLE 800 800 1111.8244449164304 1075.9475721543286 400 400
38 PINHOLE 800 800 1098.645833618619 1108.3749551745896 400 400
39 PINHOLE 800 800 1097.6345743343318 1060.2591095145724 400 400
40 PINHOLE 800 800 1064.1616723897482 1081.1906717135082 400 400
41 PINHOLE 800 800 1122.2011538422046 1125.7536799973061 400 400
42 PINHOLE 800 800 1179.8471090953442 1230.47389348255 400 400
43 PINHOLE 800 800 1112.9623546495611 1113.2861043097828 400 400
44 PINHOLE 800 800 1092.0228443445694 1105.3637464242638 400 400
45 PINHOLE 800 800 1095.8197687595593 1097.9676239098101 400 400
46 PINHOLE 800 800 1122.5199057142634 1092.1692873149643 400 400
47 PINHOLE 800 800 1100.0028425173653 1112.9132217420631 400 400
48 PINHOLE 800 800 1097.906909945111 1110.0989317417391 400 400
49 PINHOLE 800 800 1108.9732905482056 1119.168852686629 400 400
50 PINHOLE 800 800 1084.9129403190063 1095.9994274480939 400 400
51 PINHOLE 800 800 1099.8256999006321 1106.2737542863595 400 400
52 PINHOLE 800 800 1054.8382878149282 1085.874702139708 400 400
53 PINHOLE 800 800 1111.8923373999164 1112.299853460547 400 400
54 PINHOLE 800 800 1115.6175653115949 1136.661879486405 400 400
55 PINHOLE 800 800 1182.5004993538914 1241.0848010718066 400 400
56 PINHOLE 800 800 1110.4995141943873 1113.6443207053894 400 400
57 PINHOLE 800 800 1083.976076812989 1095.4170283506292 400 400
58 PINHOLE 800 800 1103.1276750347961 1110.6914815762666 400 400
59 PINHOLE 800 800 1099.3055408108889 1101.9409430550184 400 400
60 PINHOLE 800 800 1106.4190898794052 1107.2443301138314 400 400
61 PINHOLE 800 800 1086.4392570471286 1102.8910754127073 400 400
62 PINHOLE 800 800 1108.4279034451881 1109.1122699295788 400 400
63 PINHOLE 800 800 1096.8617111518329 1104.7897946249523 400 400
64 PINHOLE 800 800 1097.0778290025814 1119.1173514814125 400 400
65 PINHOLE 800 800 1095.0081072310552 1097.7754024909868 400 400
66 PINHOLE 800 800 1108.6381507436615 1118.4345072661527 400 400
67 PINHOLE 800 800 1102.6832329419506 1077.1059313290436 400 400
68 PINHOLE 800 800 1111.8576043267467 1125.5659094253288 400 400
69 PINHOLE 800 800 1116.5124492892273 1119.4785055953964 400 400
70 PINHOLE 800 800 1092.3452049044079 1093.8292897908732 400 400
71 PINHOLE 800 800 1112.5762916691347 1127.1156332664175 400 400
72 PINHOLE 800 800 1104.9019046376932 1116.5764501048195 400 400
73 PINHOLE 800 800 1110.5288338149876 1121.7015351169866 400 400
74 PINHOLE 800 800 1100.6622827331746 1058.3145085023077 400 400
75 PINHOLE 800 800 1109.1195583199201 1131.2645660745625 400 400
76 PINHOLE 800 800 1123.4191185622883 1123.6861896885525 400 400
77 PINHOLE 800 800 1110.5451004157339 1111.4120304253006 400 400
78 PINHOLE 800 800 1152.8428302206773 1125.1086956489439 400 400
79 PINHOLE 800 800 1098.2862446007719 1107.7134939623218 400 400
80 PINHOLE 800 800 1116.7275842371107 1119.8586737993544 400 400
81 PINHOLE 800 800 1081.1731453855191 1085.5626623329479 400 400
82 PINHOLE 800 800 1061.0047780533848 1070.3288533418779 400 400
83 PINHOLE 800 800 1097.6032189097461 1099.207510520851 400 400
84 PINHOLE 800 800 1118.8500690488718 1138.3127437956211 400 400
85 PINHOLE 800 800 1101.5730896783159 1059.3014676606099 400 400
86 PINHOLE 800 800 1121.0645116234416 1122.2632365362917 400 400
87 PINHOLE 800 800 1114.5623918528092 1114.5833679330754 400 400
88 PINHOLE 800 800 1107.4254846704121 1121.3186607134 400 400
89 PINHOLE 800 800 1108.534572409809 1138.1404139616336 400 400
90 PINHOLE 800 800 1095.5371439967162 1111.0557319340796 400 400
91 PINHOLE 800 800 1173.6335218975248 1236.3122305846659 400 400
92 PINHOLE 800 800 1106.4871583011188 1112.2231921810849 400 400
93 PINHOLE 800 800 1097.8707754164716 1125.7899374359276 400 400
94 PINHOLE 800 800 1112.5025409518789 1138.4636849556023 400 400
95 PINHOLE 800 800 1107.11432750072 1122.0656989427578 400 400
96 PINHOLE 800 800 1098.273216093266 1116.6140382308042 400 400
97 PINHOLE 800 800 1094.3734652986739 1096.7230087553107 400 400
98 PINHOLE 800 800 1118.010982645962 1122.4017987138175 400 400
99 PINHOLE 800 800 1120.0099024437777 1121.4765062597812 400 400
100 PINHOLE 800 800 1175.1718975507824 1234.4143000595448 400 400
