# Camera list with one line of data per camera:
#   CAMERA_ID, MODEL, WIDTH, HEIGHT, PARAMS[]
# Number of cameras: 61
2 PINHOLE 800 800 1032.9600384749399 1122.3554791743709 400 400
4 PINHOLE 800 800 475.36404616434163 680.2226272592693 400 400
7 PINHOLE 800 800 1068.0511720906075 1038.0975469170778 400 400
8 PINHOLE 800 800 451.18859115429206 612.70672299861633 400 400
9 PINHOLE 800 800 423.55928162651765 1199.5635897462969 400 400
11 PINHOLE 800 800 252.03587558787748 1151.4843552619441 400 400
12 PINHOLE 800 800 868.54793618489373 692.99308585392009 400 400
13 PINHOLE 800 800 572.67952025452064 714.24993317076257 400 400
15 PINHOLE 800 800 172.09703988395552 920.53660508048858 400 400
16 PINHOLE 800 800 1001.2491100991268 915.69473620527037 400 400
17 PINHOLE 800 800 1092.2823295941964 1175.7955367289687 400 400
20 PINHOLE 800 800 396.22244040638947 423.82529100187026 400 400
22 PINHOLE 800 800 555.41833593035176 717.39725764335219 400 400
25 PINHOLE 800 800 1041.2368766957059 1115.6241888451734 400 400
26 PINHOLE 800 800 645.40152670419593 777.57042070105012 400 400
27 PINHOLE 800 800 175.47520885312966 389.65254232143644 400 400
28 PINHOLE 800 800 660.03287113400688 722.51410716563646 400 400
29 PINHOLE 800 800 938.59433824716871 603.08108521670465 400 400
30 PINHOLE 800 800 1020.027231021426 1123.4217012586844 400 400
31 PINHOLE 800 800 961.85333053774389 440.11009731825476 400 400
32 PINHOLE 800 800 503.64268451376978 1080.703405004371 400 400
36 PINHOLE 800 800 421.29638499703776 1120.1201391468755 400 400
37 PINHOLE 800 800 633.21925631733154 1036.1160823757239 400 400
38 PINHOLE 800 800 990.36375976614192 1162.8413424772141 400 400
42 PINHOLE 800 800 859.31319107538138 676.0930179998918 400 400
43 PINHOLE 800 800 406.60125645653994 984.40498586384626 400 400
44 PINHOLE 800 800 1092.4022498710895 1204.0044610829898 400 400
46 PINHOLE 800 800 347.44753359889091 549.33429117739377 400 400
48 PINHOLE 800 800 228.69181444658327 480.87078103609645 400 400
50 PINHOLE 800 800 638.25455109594964 730.69909974839516 400 400
52 PINHOLE 800 800 109.84949213308904 357.49596449990702 400 400
54 PINHOLE 800 800 1152.0429870739172 1035.4840013276532 400 400
55 PINHOLE 800 800 858.7620631243276 703.10045708562927 400 400
57 PINHOLE 800 800 879.1404489576679 1020.073502221469 400 400
59 PINHOLE 800 800 807.06674882116488 679.92401804523774 400 400
62 PINHOLE 800 800 486.04791890137693 699.52282986540979 400 400
65 PINHOLE 800 800 996.06492969621809 1128.2571409527784 400 400
66 PINHOLE 800 800 616.53608969990353 733.15808469427691 400 400
67 PINHOLE 800 800 382.40749265093785 614.77463161111496 400 400
68 PINHOLE 800 800 807.26961886437289 1024.8152809623325 400 400
69 PINHOLE 800 800 337.25305006121937 557.14178962226049 400 400
71 PINHOLE 800 800 640.0767729092081 718.00671442526539 400 400
72 PINHOLE 800 800 311.39752928220241 582.66684730168299 400 400
73 PINHOLE 800 800 658.1105741734176 1188.2675729448245 400 400
76 PINHOLE 800 800 358.966828923474 592.62854715979665 400 400
78 PINHOLE 800 800 595.25001958786413 751.86896687558169 400 400
79 PINHOLE 800 800 986.18209443489309 799.29413109833808 400 400
80 PINHOLE 800 800 594.42010414159029 722.77527781330264 400 400
81 PINHOLE 800 800 352.4294692055696 592.15454574790556 400 400
82 PINHOLE 800 800 179.25647035534777 924.5134659919978 400 400
83 PINHOLE 800 800 607.4616523888667 769.47371469180223 400 400
84 PINHOLE 800 800 576.6477953731935 764.45784501334958 400 400
85 PINHOLE 800 800 293.62552149394276 582.26172893600835 400 400
90 PINHOLE 800 800 326.13965777286109 603.2605592236481 400 400
91 PINHOLE 800 800 633.97999519180269 843.62351417043021 400 400
94 PINHOLE 800 800 561.7731932010156 1305.5674769965667 400 400
96 PINHOLE 800 800 728.83882859392918 566.63757687730026 400 400
97 PINHOLE 800 800 580.40342801970451 1328.2314244328311 400 400
98 PINHOLE 800 800 772.94846834666646 274.70136660945872 400 400
99 PINHOLE 800 800 611.52615756058515 999.67992466278361 400 400
100 PINHOLE 800 800 660.60668408261506 720.18326561510537 400 400
