# Camera list with one line of data per camera:
#   CAMERA_ID, MODEL, WIDTH, HEIGHT, PARAMS[]
# Number of cameras: 13
7 PINHOLE 800 800 701.59607804115251 613.58298238072621 400 400
12 PINHOLE 800 800 514.20516195534276 449.55700970292884 400 400
26 PINHOLE 800 800 323.01953216253702 347.46126227792803 400 400
37 PINHOLE 800 800 339.79147807634291 235.37695047883344 400 400
43 PINHOLE 800 800 256.75407220972488 300.07389431305734 400 400
56 PINHOLE 800 800 358.59948798697746 341.53720382630371 400 400
71 PINHOLE 800 800 337.30826605940575 309.33935945296321 400 400
73 PINHOLE 800 800 793.4111811315878 742.39329663560409 400 400
78 PINHOLE 800 800 374.74483682773325 328.58708019150072 400 400
81 PINHOLE 800 800 307.64669544804121 342.36367376474396 400 400
91 PINHOLE 800 800 335.27994060874477 299.76066344176928 400 400
96 PINHOLE 800 800 494.95600032773456 427.60906951189389 400 400
99 PINHOLE 800 800 388.49285730429085 357.79446937695417 400 400
