# 3D point list with one line of data per point:
#   POINT3D_ID, X, Y, Z, R, G, B, ERROR, TRACK[] as (IMAGE_ID, POINT2D_IDX)
# Number of points: 413, mean track length: 3.2832929782082325
777 1.5131259858564079 2.6692570990947995 3.6981410493784819 39 38 42 0.78482030315650353 71 287 91 370
774 2.2575072561925351 2.0509761480345827 2.9845373667676345 156 146 142 0.20819539417106284 71 1501 91 1557
761 -1.8700520746906533 2.2345882794380403 14.101073486424154 95 94 105 0.21710419111439466 99 1250 91 1206
758 -2.0927724985223732 3.4123810068979417 17.554372268954562 196 194 196 1.3267047548683504 37 336 91 850
756 -3.2808158261653007 5.2570588526566358 19.652917428597064 181 183 189 1.5213406988572808 37 529 91 801
755 1.3948554628872976 2.7517062826338741 4.2068373141613638 33 33 36 1.2012748533623214 71 588 91 690
754 -3.6231187318382219 6.5938460768418468 15.210790169555258 42 41 48 2.8509248891627106 78 950 91 638
753 -6.213375200636257 9.792157727056404 16.36465305194255 67 58 55 0.59173627653696304 37 942 91 500
746 -7.7624280702680721 9.7965331841848293 17.747044297226694 94 74 50 0.69623324683112697 56 517 91 260
745 -1.2728553537253275 1.8944270283464451 12.728456817228537 92 86 89 0.49148883826257839 56 1023 91 255
744 -2.2858807060241069 2.5532468487311082 15.478338081409103 13 13 16 1.1142579089206179 78 127 99 106 91 254
741 -1.3011918819488435 2.0498778563259741 14.119987641532905 0 0 0 0.56411130414373956 37 1323 78 1352
732 3.5256477684003928 -3.8984850405791769 16.133408673494163 80 73 70 1.3916721749925831 56 1450 99 1426 71 1403
728 -7.3893910393966404 9.5112995818828878 15.892364977919735 38 39 47 0.72323113414072659 99 1310 71 1163 56 516 78 1272
727 0.58231017173447963 4.453875129828865 18.260095788484517 68 68 84 0.97659259757757111 56 1229 71 1132
724 -1.3876457817834049 3.8943079571600521 16.996474756141343 36 45 64 1.3881895493896792 26 47 71 1018 91 1085
720 -6.2680434007125374 10.425678336279528 17.134747357687079 186 186 187 0.89219952279004711 78 1153 99 1147 71 751 56 1047 91 1276
714 -1.976622726244994 2.9101874955926363 15.14923818370263 183 184 189 0.34588541373666509 26 201 71 416
712 -3.9730980439031143 1.8330065562990465 15.676213869570619 41 33 30 1.6021625882972785 73 986 71 41 96 956
708 -1.2757022566525515 2.0195420719575279 14.213395594960206 9 7 7 1.2534661099800608 99 1378 78 1351 56 1384 26 1174 43 1217 12 1098 73 1101 96 1100 99 1410 7 737 56 1428 37 1322
707 -2.5796010099623197 2.2478209525406263 14.385879328486661 12 9 9 2.2188908975792851 99 66 37 47 56 491 43 981 12 54 7 48 26 439
706 -2.2086854114395504 2.4573668298598812 15.331677095460197 137 134 134 1.383038791759704 37 62 81 85 73 70 71 418
704 -6.012466888211641 7.8829836175138794 17.273759851008233 0 0 0 2.2854025080523774 73 1222 96 1238 56 1523 78 1472 99 1509
703 -6.0124668882116401 7.8829836175138759 17.273759851008226 0 0 0 2.285402508052397 73 1223 96 1239 56 1524 78 1473 99 1510
702 -13.751867110772148 13.250049415537465 24.278233121349004 51 45 44 0.4182632391967544 56 85 7 583
697 0.33136399146970219 -0.95065631837994402 10.831670237958823 0 0 0 1.1995149773734135 12 1246 81 1256
696 1.9340588642943513 -2.5535416821904646 9.2858423269757289 91 80 71 1.1730796536962766 26 1328 7 854
695 -8.3121365800389562 7.1206770512302047 14.911999036760973 0 0 0 0.39557552380094507 12 1227 37 1443
693 -8.7210489881737914 8.9870102942904726 16.739827908692437 126 108 91 1.147844151609267 96 1202 7 845
688 0.206739933133334 -3.8475850346598763 6.8660470952123358 0 0 0 1.004645373658992 12 1219 7 833
686 1.0424025153166661 -4.3667604546093006 0.3854693876966816 0 0 0 2.1881647678537091 73 1175 7 826
685 0.68617792506466424 -4.0109322752773364 6.9975118210952605 0 0 0 0.49357214900977364 12 1195 7 825
682 -2.8209279847698463 -3.326177713433343 6.416862961764906 34 28 30 0.57236029737163341 73 1156 7 810 12 1183
681 2.1704671508574296 -2.7743978235959572 9.0907713788189053 165 149 133 1.0655795478938501 12 1177 7 804
679 0.19453372719504533 0.83229078822209002 13.772728996412575 49 48 58 1.984862416463915 12 1095 7 732
678 0.15208366714249857 -3.9266254001814018 3.2598480724103918 0 0 0 0.66203921515383324 73 1123 7 724
677 1.3735434260270778 -8.3635046451216812 19.058956538920228 0 0 0 0.4221241999846076 78 15 99 1212
676 0.26374553726906586 -3.5481843247951925 7.1647779573006938 0 0 0 0.22739291243377324 56 1265 99 1201
674 1.58106645375765 -4.4807496965092701 -0.21847507263329463 48 34 27 1.240054263669752 73 1064 7 607
669 0.24845912543425702 0.43434729626396884 12.639748336344272 56 54 64 1.4742818963809143 73 960 7 16
668 0.10104393576277926 -4.1641805784901758 6.9197291548756592 41 35 37 1.5098618228881548 12 10 81 1003 7 6
667 -2.4586869992069227 2.2852779571557509 14.183645385310578 16 15 16 1.4896365917690049 56 496 43 976 99 95 26 434
666 -2.5741366121840206 1.7143158733130619 15.71264989931267 75 63 64 1.2485178511234252 26 1323 96 1220
665 0.98923801974876635 -0.56346994891957758 13.851045235291661 82 76 80 1.3020332112129069 37 1465 96 1231
662 1.9684594434108151 -0.046831447392628095 18.477529596274351 176 164 151 1.2441208701268689 37 1476 96 1236
661 1.9684594434108151 -0.046831447392628095 18.477529596274351 176 164 151 1.2441208701268689 37 1475 96 1235
657 -8.5570339316711461 7.5645509418855204 15.884413217574185 75 56 49 1.8480119838584359 73 1200 7 853 96 1215 81 1235
656 1.7820902738211664 -6.0402032201783875 17.654267535241992 117 87 66 0.35088918282815573 73 1202 96 1205
655 1.7820902738211664 -6.0402032201783875 17.654267535241992 117 87 66 0.35088918282815573 73 1201 96 1204
654 -6.6791488000814185 10.266314763333583 17.16651261596661 156 147 143 1.9747856941972126 73 1191 96 1203 7 843
647 -2.3970185073328301 -0.28127717840508176 15.329920813059129 0 0 0 1.3360740922078094 73 1186 96 1187 71 1437 91 1497
646 -5.8267495777871838 11.535918171095304 17.60696659933263 144 146 150 2.1439896542461012 73 1161 99 1421 96 1186
645 -3.0749673743676063 0.90000483187038038 15.571100895786408 144 111 82 0.93439163485352161 73 1180 96 1180 91 1495 71 1452
644 1.2604023360029364 -6.0680813670771911 17.775308817143745 0 0 0 0.30704587373666248 73 1165 96 1178
643 -1.8974223185185546 6.7292160224777406 16.512150634172997 138 143 153 1.8461582426077063 56 1435 96 1172
640 -0.74212217712880046 4.6937670055069667 17.727625048516934 142 133 135 1.7587691722768364 81 990 96 1105
638 4.4795763879019308 -3.5081917642981684 15.735291065470243 0 0 0 0.55747510296451952 73 1070 96 1076
637 -5.8325174712327765 11.730965555791736 17.658092716459912 182 177 174 1.6117865826179734 73 913 96 1066
636 -6.9943617588546889 11.286045725005653 17.244522260642288 57 47 41 0.65540778916438736 37 1262 96 1063
634 -6.8083405604307394 10.923573370854811 16.736746298828827 179 191 204 1.2595880863287476 37 1056 78 1150 96 1061 99 1169
633 -7.0895133079242436 11.277322864766409 17.107263107685281 91 69 40 2.6541778332414174 37 1052 73 1058 96 1060 91 492 71 744
630 -7.0919649610160382 9.488681693746237 15.739669870378851 43 40 39 1.2900897147356851 73 1044 96 1032 7 686
629 -8.1580743705833854 8.276576225038454 15.081820072502817 69 52 40 1.0124799463644332 12 1066 96 1016
626 -3.4693254455034976 1.4652326822663677 13.522678899085717 25 22 19 0.31474408073027377 73 985 7 644
625 3.131830052645852 -1.9529127183861918 15.567498149884726 50 45 46 0.86159643673054087 73 1077 96 933
623 2.6162462402689335 -5.8980567070361154 17.442474889424325 0 0 0 1.0515042607556719 73 1 96 917
620 -6.4797193290465902 10.626361071454509 16.297723393164915 55 48 47 0.44506285973062654 73 908 96 883
618 -7.4095122365242494 10.588413260523838 16.698979551080576 191 198 207 2.4646311223544282 78 1092 96 878 26 194
617 -7.3330906724082112 8.7642307976785414 15.189310875891039 197 199 203 1.3883667846690084 37 758 73 883 96 810
608 -1.1905602591159641 4.0292747545032794 17.531622323300841 14 16 22 1.9516818125113302 37 556 96 99
593 -1.8714597530364161 -1.8538343121276366 16.108192986863944 0 0 0 2.1335560662047275 12 1248 73 1220
592 2.6923342111398227 -0.24233558933789084 16.701048585953231 182 170 157 0.19075899889508374 12 1247 73 1219
590 -3.959196515630385 2.5037546201938823 15.801512057344429 112 92 69 0.5715866762647781 73 1214 96 1232
589 0.57352887059774948 -0.85284666080363358 12.296551680154669 78 73 76 1.0198644055453343 99 1500 7 863
582 4.4345988216216554 -3.7502561094475677 17.562243626444893 56 50 47 0.10844500227865157 12 1176 73 1122
579 2.8212910524275348 -2.0724370109394448 11.717310418890529 134 120 108 0.36130186921042595 99 1360 73 1079
578 5.8153228718422714 -9.2989121119797833 15.039260202569043 0 0 0 2.8937851021085619 37 1298 78 1189
577 -5.7966121969936122 12.042239499791156 17.968326054988587 107 100 106 1.6052657598389666 56 1354 73 1060 99 1328 78 1300 43 2
576 -6.9852247648402859 10.086986874042632 16.060370635254138 64 56 52 0.53313679057701246 37 1254 73 1050 96 1046
575 -7.150078461382269 10.105163257838564 16.079947784289839 188 194 204 0.7109482199376862 37 925 73 1049
574 -7.1350626873246101 10.083864051055846 16.018430713113379 188 194 204 1.0887259055140082 37 926 73 1048 78 1091 26 193
569 -8.1858800521209965 7.4585794417592792 14.199110923799761 0 0 0 0.32225033471950282 12 1076 37 358
556 -7.208758333979298 7.6527967825908698 15.155049179435464 78 61 47 1.0400185130777486 99 988 73 759
538 0.34076868676102601 6.5008212396005955 21.707445827745918 0 0 0 2.2075921740145046 81 1205 12 1203 99 1440 26 1281 26 1293 78 1415 78 1422 81 1197
537 -0.84979003889013682 6.6626392585127201 20.820596657519491 174 170 169 1.5412861177423882 78 1388 99 1414 12 1156 56 1403
536 0.50703380150055499 5.6379409615316467 21.43521928462518 115 106 111 1.674882445607778 37 1367 12 1151
534 -0.73035683547698194 6.1294551471861789 19.344588371055785 33 34 41 1.5839501725427994 26 2 99 1258 12 20 73 244
533 0.23219285582215787 4.2105975863068155 18.125322668439132 104 109 130 2.1949002336344785 99 225 12 16
532 -2.1756005662955675 2.7212134549083546 15.774876389362921 11 11 13 1.6119688484574841 78 132 56 760 26 430 12 42 99 127 81 26
531 -0.36452623660369726 -3.5745501119736942 13.339218852539961 0 0 0 0.65539961879955277 26 1334 99 1501
530 0.97661948123447639 -2.6005770813342717 8.9259642438857867 0 0 0 1.7576930181123571 26 1330 12 1243
529 2.0016688194258223 -2.4777144465861021 9.8530173506470167 92 80 73 2.685045358623376 81 1244 12 1242
528 -5.7886718040672935 5.8988292347515952 16.086733980372507 0 0 0 0.98078133814928969 26 1331 78 1463 99 1496
526 -2.8031686903944379 -3.3275145483363904 6.373912637635784 33 29 31 0.84968670725864315 81 1242 12 1235 73 1204 7 860
525 -2.8031686903944379 -3.3275145483363904 6.373912637635784 33 29 31 0.84968670725864315 81 1241 12 1234 73 1203 7 859
523 0.16993005679485373 -4.1402737202858653 6.9310500108431299 99 67 46 1.3442417898701613 81 1237 12 1231 7 857
520 2.0749668846667864 -1.6855857862420414 10.586251043423035 0 0 0 2.5545009392607212 81 1215 12 1208 7 827
518 -0.10848919785461525 -4.1743884621362204 6.8359024336980561 0 0 0 0.81398662606479599 81 1207 12 1201 7 828
517 0.35655322948027607 -4.3186684364610537 6.9787152767581846 0 0 0 0.68759640692262924 81 1199 12 1197
515 -2.8048090199306954 -3.3258650772779292 6.3873552967776046 33 29 31 0.83062635400142448 81 1194 12 1182 73 1155 7 809
514 1.729437445911554 -1.7507567728770228 9.5863504391761492 0 0 0 0.80710937407172856 26 1230 12 1178
511 -0.41483431608816673 6.6893244621243113 21.446533320326274 115 105 108 0.91378735757653995 81 1109 12 1155
509 -3.7611516591219512 -0.53161839233232522 6.7282559869044958 92 75 61 0.317681116918902 81 1129 12 1105
508 -3.7611516591219512 -0.53161839233232522 6.7282559869044958 92 75 61 0.317681116918902 81 1128 12 1104
505 2.3038994144715557 -3.5413457671334343 8.7841584261687728 61 41 28 2.2232060915198506 81 1096 12 1085
503 -7.6965405635331638 8.9925740127910139 15.497386729303733 186 190 196 0.91665649236095892 26 1086 12 1070 56 1307 78 1264 99 1305 73 1036
502 -7.4824712554527224 8.3576307795730234 14.992142734703288 187 191 196 1.1512365643947924 56 254 78 835 12 1069 99 1069 73 1020 71 50
500 -7.3061911149763406 9.0245055792592268 15.289097474784324 73 65 57 0.37569323958310064 26 652 56 1317 12 1052 78 1268 99 1307
499 -3.4885860018872461 1.2200789947000179 12.610773450302553 18 13 10 2.2661464632727641 99 53 12 1019 81 619 7 645
497 -0.82853560248554814 5.2826980242210331 19.743281087823704 17 20 24 1.2776505635304503 81 992 99 1253 12 1009
496 -0.55404547001831672 2.1492466092834364 13.739658089534503 113 125 150 1.6234417819050955 99 132 12 1002 73 980 96 964
495 -0.040991965481644833 0.32118466042088767 13.324024596451329 55 40 33 1.3076102769259697 26 1172 12 997 7 731
494 1.1652158686077509 -2.1810824667874424 9.5437313636283445 51 39 34 1.4041732529640654 43 1165 12 991
493 0.57566594730757092 -4.0270209189449258 7.2306708255096828 103 88 73 2.1956534435717847 81 996 12 979
491 -9.3647712851320808 8.5791478925997637 16.37821208716425 189 187 189 1.081447643741964 37 561 12 958
490 -7.6840750395178059 8.2825718675380458 15.123438832039882 171 177 189 1.3458058942099014 56 252 12 940 73 835
488 -7.0548432652420017 10.64545523718828 16.480793646208522 94 85 81 0.91189626526872247 37 1258 12 917 56 769
487 -8.2803239640447721 10.983158425162399 17.858733656440506 63 57 55 0.35188838845691317 37 928 12 916
486 -6.8893300457740265 9.6076418094774354 15.646030771934106 72 61 54 0.94383747038449373 37 1252 56 771 12 909 99 1163 73 1046 26 423
485 -7.0621387173686792 9.0871010573537934 15.27103904890358 84 76 74 0.59542938218431996 26 426 78 990 12 907
483 -6.6613002820929195 10.336525218324958 16.190815265621751 186 197 209 1.016546456844124 37 1053 78 1148 12 870 73 907 96 881 7 540
482 -6.6085822430975574 10.244571686791748 16.040653781846903 186 197 209 1.0483481216168362 56 1043 78 1147 12 869 96 882 7 539
481 -6.7465040879519709 9.5212312785797373 15.743566295383234 117 126 146 1.0113652201564187 56 773 12 868 99 1131
479 -4.5083419792662935 5.4754228619020822 16.885144674752997 0 0 0 1.2496922816092515 26 534 99 540
478 -5.4786730536556476 6.1056297938011754 15.825107591780895 37 35 38 0.31563326637927502 99 663 12 634
474 -4.5562332242118009 4.7990137070626551 13.191145266567174 180 177 177 0.82383834363404063 26 594 12 529
473 -4.8064013651584974 5.5863717268400057 15.397916008503271 39 37 41 0.21192748680135287 78 544 12 519
472 -4.1612083351904143 6.6993511356978663 17.084832894288979 58 54 55 1.0719229394588261 37 669 12 344
468 -2.5341800796449365 2.5518739968765227 14.280045369952942 22 20 19 1.2396453119030773 56 727 99 112 12 100
467 -2.8747424794668857 2.5776051774094593 15.91844993409066 24 19 18 1.752809692378178 81 224 12 96
465 -2.4283487706786628 2.3459199549380312 14.874532879160116 143 142 146 0.56130175096517299 81 94 73 63
464 -2.3228272556088041 2.3558183302663314 14.735739948545888 8 6 6 1.7015139130940737 26 431 37 57 12 41 71 221
462 -0.82006890952351441 5.6197063562344161 19.224736449664714 31 34 39 2.0985334064429506 81 15 12 19 96 285
460 3.6374493580149867 -9.518508686907829 15.094332463424969 0 0 0 0.03596517939405737 37 6 99 14
459 0.23910653227939097 -4.2037292181649537 6.9691342323468186 63 47 39 0.47090721265765262 81 80 12 8 7 5
456 -7.8637394874674014 7.5484394062704183 14.589287324247744 35 29 25 2.4696886135286178 43 55 81 908
454 0.50356663238606048 -3.3669457250980273 6.6069684988912813 0 0 0 0.17658595028936092 56 1273 99 1202
453 -0.087612403692025387 -2.1512668789239773 7.5466709151237596 0 0 0 0.47323338698860212 43 1369 81 1262
452 -7.4042567031491426 5.4631914080781732 13.588185750139209 158 137 122 0.80071216522660604 26 1315 81 1250
449 -8.4030299957711314 7.6894742620874164 16.608179055498002 74 72 73 1.3234009041850585 81 1211 12 1193 78 1430
123 -1.7694403868906352 3.871633383497898 17.242903311172544 43 46 54 1.0418034823049414 37 351 78 459 26 52 12 24
652 2.0227563299226134 -5.4095907918048551 17.809528565060404 0 0 0 1.3500058846952265 73 1193 96 1195
111 -2.0985683275402955 2.7308778827398208 15.554838469435897 12 13 17 0.22921911213635932 37 152 56 759
651 3.4787374088331546 -7.6459533332615077 21.628721282460742 0 0 0 2.6030303269667137 12 1196 96 1194
110 -2.1040536678830208 3.2471894628214049 16.359842523568975 24 24 28 1.4095768719092394 37 157 78 266 56 1014 26 207
367 -2.8770654056095375 -7.0923728588115127 12.653989281695296 0 0 0 0.052568098755448524 26 1044 43 1075
109 -1.8708268483285202 2.7545624973005722 14.857453053014346 14 14 16 1.6794300219378593 78 265 56 1018 99 129 26 198 43 962 96 34 91 481
366 5.6999675896638395 -5.2165912366678953 15.828631707815346 27 29 37 0.61245285571736696 78 28 99 37 43 1062
108 -2.2861549340557326 3.3007136942728397 15.209811448159634 177 176 177 2.0488034425890014 37 143 78 260
365 -2.7617031821111331 1.5227622397547091 13.303990980299732 42 27 18 1.5366884459026968 26 663 43 1032
641 2.0498615886878495 -6.4460196741923426 17.549658428702806 0 0 0 0.7354931482804965 73 1151 96 1120
100 -2.3378494170083064 2.5316099525010722 14.897463582723582 179 177 180 1.3943512304993801 37 60 78 109 56 748 43 968 81 90 73 68
357 -3.0451411750940349 2.496361416043853 14.323593247957783 191 188 189 0.51183648160337825 99 83 43 946
639 -2.6653456312272503 0.21953239172409655 15.355156734479745 39 31 32 1.0807658996460352 73 1136 96 1090 71 1306
98 -2.3781104001395765 2.2261027486832106 14.024730161536988 144 141 143 0.9707060571975179 37 46 78 105 99 101 81 95 73 64
355 -1.5658651929754264 1.2126058645940851 4.1221952242536402 0 0 0 0.23713160697717672 56 195 99 149
628 -8.1515431238504803 8.0853779485549921 15.101957408145553 189 195 202 0.16620017803457798 73 1018 96 1014
87 -3.3036494770821032 1.3654114475818995 14.129690258715122 30 24 23 1.5226174134930144 37 26 78 47 26 854 81 427 99 54
344 -4.2848092344462021 5.1745411016539817 14.891616223740625 39 39 43 0.58324427128637879 26 554 43 498
627 -0.88939673649279938 4.3229370880602307 16.887640998598894 18 17 18 0.021442376602102943 12 1008 96 980
86 5.3504496385457863 -4.5307513769841838 15.951112958628858 71 64 63 1.1829352561884712 37 17 78 33 26 16 81 4
622 5.1203060465775438 -5.9582223121067592 15.79882341551666 85 69 58 0.23436698474398515 73 926 96 916
81 5.7762836394684198 -5.2513854067133501 16.172038925877935 149 136 123 0.93505855705031582 37 19 78 26 56 1196 26 12 71 1130
338 -4.3919458351366965 7.149959949750472 16.657645578624738 55 60 77 0.20914679232713246 78 920 43 286
621 -6.7109737308050432 11.268994819648315 16.940376079033751 185 197 208 1.1223422956799598 37 1113 73 910 96 897
80 5.7661758012064634 -5.2152703734698642 16.113972510226038 149 136 123 0.81058246016574875 37 18 78 25 26 13 71 1129
336 -3.3008107175664447 2.951579369691729 9.9119957038885733 50 43 42 2.0350754141832521 26 573 43 235
619 -7.3847478653157221 10.78378413586355 17.047128256344998 39 33 32 1.2397377679505894 99 1320 96 880 56 1332 78 1280 81 610
78 -2.51964379516679 1.4526932592039636 14.330513856688892 78 65 65 1.2099448222004219 99 1489 78 1452 56 1506 43 1348 37 1456
75 3.8599392351791697 -9.7593994418396441 15.425588163489945 119 83 56 1.4193952306885675 99 1478 37 1448 78 1446 56 1499
332 -7.9871373943676671 7.7381249573658213 14.82493131699405 183 181 187 1.2728953409769472 26 914 99 986 43 54 12 939
74 -8.5460329361883396 7.5791655122034447 15.854805836263768 86 68 62 1.8632116064669553 99 1476 78 1443 81 1236 73 1199 96 1214 7 852
331 -8.3135986868362615 7.8356370943371232 14.866955580426524 88 81 76 0.90881145831794674 56 84 43 53 78 653 81 1064
614 -7.575140953745878 7.7356975142041779 16.297518001573696 81 66 53 0.70042086712172924 96 607 7 497
73 -7.9317524693889823 7.0743025341294219 14.624691769216085 86 68 62 1.6908748604954893 99 1475 37 1444 78 1442 56 1493 26 1308 43 1342
330 -6.8888884460402684 8.0092962255643325 15.177525136916952 75 60 49 1.0072761240919228 26 649 99 995 43 48
613 -7.8121031068200271 7.4318995068318063 13.986855438808703 131 95 68 2.9596139580491236 37 360 96 605
72 -8.2117186048420638 6.1741998896321855 14.643741747515758 153 143 142 2.0261396206196229 99 1474 78 1441 56 1492 43 1343 7 851
329 -6.7973470302147723 8.2289116508201925 15.318874001769805 40 30 24 1.4040298447192283 78 837 43 43 91 93
612 -4.691075440011101 6.5914674094762971 16.628941927256967 0 0 0 0.9771987515973255 37 634 73 533
71 4.4898370622981396 -9.8754357968507698 16.860074919613048 0 0 0 1.8822848994778323 99 1463 37 1439 78 1432 56 1495
328 -7.461697014085459 8.6793681324834271 15.153053031446532 181 179 183 1.1058110453796297 56 257 78 988 99 1070 43 18 12 945 96 724 71 47
69 0.19415414192405564 0.4072429680288725 13.145865342165003 191 188 190 1.62421472209427 99 1461 37 1432 78 1428 56 1486 43 1337 26 1295 12 1212 96 1197 7 830
326 -6.6986459401604588 10.150473913456192 16.04762812760546 39 40 45 1.2746166337580573 78 1286 99 1321 73 1055 96 1050 43 7 37 1263
68 -0.16109259622098704 0.7756297222032128 13.730909576195728 37 37 45 1.6585394847032959 99 1460 37 1442 78 1429 56 1485 26 1296 43 1329 12 1223 96 1208 7 850 73 1197
607 -1.1807496524635746 3.6807196235755222 16.377123904418333 17 19 24 1.8445323634092023 12 17 73 112 96 98
66 4.4998503744647023 -4.8397093297415221 15.054965653199753 71 64 62 1.1600159983091298 99 1436 37 1412 78 1397 37 1380 56 1461 26 1267 43 1288
606 -1.9459028851769995 3.842473664964897 18.265303584738675 194 196 201 1.5805428177240994 37 352 71 1004 91 843
63 -3.8611124284656149 -9.5173745096130915 19.15948017440979 36 30 31 0.030996735933273935 37 1374 56 1443
320 -7.3220653501370707 8.9448601369347323 15.423437659839594 187 194 201 0.91865135816780019 56 1318 26 650 43 16 99 1306
603 -2.5690775188022701 2.4750108023825792 14.647597659049211 188 184 181 0.71051834442444528 99 97 96 27 56 494
62 -2.7337696165353145 -7.9879785720080925 18.201139570459301 63 61 67 2.4963074091323305 99 1392 37 1300
61 -7.0152575805119843 8.7147777403555384 15.036941696711768 73 68 71 1.1457196250932311 99 1382 37 1334 56 1319 26 1074 12 1051 73 1112
601 -2.5792656873144439 1.8921769068790533 14.832329456764235 82 74 77 1.9989232593194668 96 20 7 636
60 -1.0885700075220399 1.815049953550214 14.133867965266838 12 9 9 1.4032054811943491 99 1376 78 1354 56 1429 26 1173 12 1097 73 1100 96 1098 7 736 37 1325 43 1218
317 -2.0068179493437133 3.6136887259764165 15.368184231915418 25 24 24 0.12420949145113047 26 67 43 803
570 -8.6706725583913062 8.0523447980977103 15.215504076399387 198 198 201 0.49109182218394987 12 1075 73 1027
29 -7.8220045832912364 7.2994680204996429 13.819789899809088 189 183 181 1.2900922781732378 99 982 37 359 78 652
286 5.0476359206776387 -5.2809166331351829 15.590515597543602 17 15 17 0.6433069805631666 56 1031 26 40 43 1063
568 -7.5294850718366746 8.3013333746339395 15.116399025229578 70 64 70 1.4521309824036572 26 1096 73 1019 56 1304 99 1291
27 -6.1224481062008325 7.1880623055687538 16.771316531931692 33 27 25 2.8442234154473782 99 795 37 595
26 -5.5046544679098162 5.8261021759053477 15.409619344871436 26 24 27 0.084935432514370704 99 660 37 201
283 5.5855272282427899 -4.6242112565055242 16.176091178162494 144 126 109 1.1178803011285301 99 35 26 15 81 977
566 -1.6588372181899256 2.5090081776552333 14.486352092609962 87 90 104 1.3327053633128929 78 1223 81 1001 73 988 96 962 71 1240
25 -3.3871925149770687 6.350322755337638 17.541204604069318 207 208 211 0.87861555605845676 99 609 37 709
282 5.4391944549258291 -5.00458489592602 15.852314727058236 147 134 122 0.53604774755125062 56 1344 99 34 26 14 43 1176 81 976
24 -0.72744372929409196 5.0120956798373077 17.560516007526271 18 19 22 1.012937422146873 99 461 37 753
564 4.3327145186011924 -3.4152292375423663 15.648878382887842 150 133 118 0.18135289780025488 73 933 96 925
23 -0.85588469119594379 4.5770116267434595 18.5754569287799 118 130 155 1.5486124944199651 99 337 37 1211 56 1214 81 991 71 1277 91 1121 12 1006
22 -3.0738830804672839 3.7599429681942826 15.712413133966276 22 17 17 0.044820434876758755 99 281 37 122
562 -6.6667424470005034 11.680118770101725 17.29694904727948 185 196 208 1.2353183632535614 78 1168 73 918 96 902 37 1116
21 -1.4619384303950915 3.8150152212706647 16.984484853291566 20 25 35 2.1949345392295014 99 223 37 555 78 462 56 1191 26 48 12 22 71 1014 91 854
278 8.8997038901832504 -6.7970620092492373 20.436829192626035 132 116 99 1.9239498660504493 78 1338 56 1401
561 -6.7874570400266965 11.612926530805776 17.308524255757263 74 72 76 0.85139900062756013 37 1270 78 1167 73 916
20 -1.6009578311092718 3.6297122166504039 16.876230889012131 21 24 35 1.9958131730552686 99 220 37 350 78 458 26 51 91 853
19 -1.5583790593513274 3.6358954129885102 16.714058897556892 21 24 35 1.4653868516343271 99 219 37 349 78 457 71 1002
18 -1.6981639339456673 3.6924224971073474 16.87830346184515 178 179 185 0.92572654834258505 99 217 37 347 78 455
558 -6.9307062686776977 9.874174094479681 15.93483693999886 166 177 191 1.0395036675598448 37 929 73 903 96 1043 7 536
17 -1.9392299104312223 3.4355051844308502 16.534031787918519 33 33 39 1.5085541553696509 99 209 37 333 26 199 78 271 73 107
557 -7.6188438531276015 9.0535572945720926 15.568262099529587 53 45 42 0.5634841132708388 99 1127 73 882 56 259
16 -1.7800797832174831 3.2912945708418562 16.400690019817823 19 20 26 0.44685080666340371 99 207 37 335
272 -2.2688348693262284 1.9243600451337057 10.415751865984793 187 183 183 0.0064331595022794376 99 86 56 470
555 -4.8833303467389921 7.8854733506650323 17.410318023053215 56 59 74 0.069058647438712636 37 838 73 659
14 -2.2689900048042118 2.8790234415842479 15.61997899097314 20 20 21 1.1059368418541511 99 123 37 149 78 130 56 755 71 414
1 3.9208666196984323 -9.5940833231211666 14.986193759583347 60 45 38 1.4059287989845473 99 15 37 7 78 1186 56 1280
258 -4.7408732180243307 -9.7692465401964714 21.862142864286369 0 0 0 1.4982551824211188 37 1409 56 1467
543 -7.6340985275987165 7.5784856685595603 14.201432991134473 181 183 189 1.3641879242523458 56 1294 12 1064 37 362 78 658
2 0.24486861505331839 0.12751707321088374 12.993183777834197 168 157 148 0.96624043448771879 99 45 37 31 78 50 56 1025 43 1042 43 1146 96 8 7 14
259 1.6250620268487559 -4.5287336333683168 15.812757891817423 0 0 0 1.4639087297520006 78 1375 56 1470
544 3.8383722878316608 -3.4005778631890506 16.760317745227905 27 20 16 0.28749943896964114 12 974 73 10
3 -3.4296870493072946 1.1733209142877903 13.642840207242815 126 95 72 1.4607019775906385 99 52 37 20 56 136 81 618
260 -3.8856554557419885 1.7060676243498616 14.299893748787914 163 139 114 0.94957194959734004 78 1439 99 1471 56 1494
4 -3.4958905364226265 1.3852229867122867 13.913692132794077 186 173 164 1.1020868815719731 99 55 37 24 78 46 56 137 26 918
261 -2.6642393986954978 -6.7828292159277179 14.79862227659509 35 30 31 0.10400919956898642 78 1444 99 1481
5 -3.1271628136880656 1.2627154577695934 13.404512456711325 134 106 86 1.5353876352430291 99 56 37 25 78 49 56 139 56 140 81 426
262 -2.6642393986954978 -6.7828292159277179 14.79862227659509 35 30 31 0.10400919956898642 78 1445 99 1482
264 5.4848251643415002 -6.5541491991609107 15.453925309840056 0 0 0 0.64842942710031592 78 1448 56 1507
8 -2.5821803659480906 2.2439660425347872 14.567121022176137 184 183 185 1.2905125209633552 99 67 37 49 78 66 56 492 43 984
265 6.4478337160748689 -6.2863470809759789 15.993032508139208 153 134 116 1.5115731312603073 78 1436 56 1509
9 -2.4616921513891232 2.5897254769576414 15.058955226358954 21 19 20 2.0211744524350488 99 99 37 55 56 744 43 972 73 66 71 398
266 4.8314719415323655 -4.5463425485508164 15.967091742251089 73 66 65 1.7798081754684734 78 1459 99 1492 56 1514 26 1329
10 -2.5406414843271485 2.3704226738610026 15.289670811269323 140 140 144 1.5141333206627849 99 100 37 58 78 104 56 745 26 442
267 -0.24480331697200824 -3.5966432270849533 12.744502488873678 0 0 0 0.48182361889832337 78 1468 56 1519
11 -2.2696351204626271 2.4443526228729735 15.476541383411814 146 146 150 1.5776407474627692 99 103 37 61 78 128 56 752 12 36 73 69 91 253 71 417
268 4.0628514437718861 -7.2886612273617724 17.523354604387119 0 0 0 0.66364172461691284 78 1469 56 1520
553 -1.1294370524479123 4.5952900448938108 18.423642015039729 0 0 0 0.19970699875549888 26 17 37 559
12 -2.7195638487921232 2.6574245137575794 15.149001117505234 150 148 153 0.35109723003906246 99 107 37 52
554 -3.9038100607982869 7.6768053671684733 17.414692086659382 207 208 212 1.5137924547719395 56 1120 73 582
13 -2.3002436308602294 2.8719335747426342 15.734297806167687 20 20 21 1.6174727656363352 99 122 37 148 78 131 56 756 26 433 12 56 81 31 73 94 91 463 71 413
571 -8.2974790699868031 8.5669907129446834 15.534261313096366 198 197 199 0.52099087377500974 78 828 73 1029
30 -7.2052225499178153 7.9971074559564421 15.749688045746467 61 58 59 0.090068917630822642 99 991 37 570
572 -7.3542610709010328 9.2222111467203192 15.422644481469389 186 188 194 1.5807472296986271 12 1055 37 1238 73 1042 7 688
31 -7.2863581973426408 8.4092990831132219 16.03089939970863 54 41 32 0.14298398729156669 99 994 37 571
288 -2.1179988884918957 2.3223003242514397 14.54779811603572 133 135 142 1.9388439804475972 56 753 26 204 81 84
573 -7.0304821225263101 9.4008627501493329 15.539697326428765 87 78 71 1.1258836338374325 37 1249 56 1320 78 1277 73 1043 96 1033 7 687
32 -7.4300004979426788 8.6277714083813226 15.076219020459202 191 192 195 1.3731273488745706 99 1071 37 567 78 987 56 258 43 17 12 946 96 723 71 46
289 -2.193806158087829 3.0431378497422412 16.028810595255276 19 19 21 1.7947880679007067 37 155 26 209 81 29
43 5.9509327060828072 -5.1348160540657792 16.770626209518866 93 82 81 1.6872998222382369 99 1221 37 1312 78 1205 26 1057 71 1379 91 1433
44 3.6051374323099208 -3.7397974585089009 15.513997436728971 41 43 52 1.5577916747214486 99 1222 37 16 26 44 43 1169 81 10 71 1021
46 -1.4751116531561093 3.1661901668203583 16.387656861437286 108 110 124 0.66239826825682879 99 1251 37 1188 56 1334
303 3.9164708314822616 -2.9979032429502883 16.099180162523275 102 93 90 1.2098573570579505 37 1154 26 1066 81 982
47 -7.1027197328125373 8.1691410386667727 14.289385017177462 56 55 59 1.4570958041887416 99 1294 37 1215 78 1261 81 1032
304 5.0728264869574939 -9.7802240995323864 15.9574568970408 115 99 78 3.0960573035834704 56 1298 26 1107
594 3.8820546466073869 -1.3209804909052907 19.251228878730608 0 0 0 1.482788259240674 78 1470 99 1506
53 1.9609376140972195 -9.257248046653153 17.257876501732884 107 77 55 0.99215442009190746 99 1335 37 1297
310 -9.2262314680934043 7.0957819264263184 14.789883162353968 168 149 128 2.0113672013291621 78 1413 99 1448 26 1301 56 1458 43 1317
311 5.5913259043500938 -0.75154572116107343 18.212162398590994 0 0 0 1.5145540251160448 56 1491 26 1312
55 4.0515893827206435 -3.0765748372301345 16.16915235167507 38 34 33 1.2427192444715027 99 1359 37 1317 78 1339 56 1391 71 1318 91 1377
312 4.9378907669069543 -2.6641001940529905 16.383517036327024 0 0 0 0.58471382726005539 78 1451 26 1320
56 5.4605475611012295 -1.5340803253402471 18.809715091252535 131 117 114 2.692473716077787 99 1364 37 1327
313 4.4185371304559053 -9.4259849647855614 14.872541051331551 56 46 46 2.6430450103069596 56 1503 26 1326
598 -2.7707581447319654 -2.9383945027787264 5.7662781640794361 0 0 0 1.844089693083057 12 1159 73 1129
57 0.39184650831997558 0.179699523299932 13.508604218262995 210 203 193 1.5223037166604274 99 1370 37 1152 78 1217 73 1088 96 945
599 -0.42046458511573714 -3.2215976794943866 7.2834594104464632 58 57 67 0.73336054728841771 26 1037 73 22
58 0.40899564581069903 0.26757256954368103 13.073606481615792 210 203 193 1.6183918305859899 99 1371 37 1153 78 1216 56 1335 43 1041 26 1067 12 11 96 944 7 15
315 -3.9847277189874508 3.5139692710950241 12.180902107621506 191 188 190 1.5684458398490548 26 726 43 440
59 -0.94945483064791314 1.6516036848882054 14.105021883725923 95 95 104 1.3414532967258974 99 1375 78 1353 56 1385 26 1168 12 1153 96 954 7 789 37 1324 43 1221
670 -2.1530501298249951 0.7896786712110534 13.472091256464733 107 84 72 1.6809478588858806 12 30 37 29 7 34
129 -7.6337561296231033 7.5721993692671106 14.168532128928778 185 190 198 1.1623808967227964 37 363 78 657 12 1063
386 -2.6293690626075614 0.48212610565627584 13.562332191674209 130 98 72 0.91110750054396261 56 1501 43 1349 99 1486 78 1438
387 -2.711147409143905 -6.7594438947921223 12.762351099588159 35 31 33 0.47567272062271665 26 1319 43 1353
139 -7.8845781587967902 8.5449113766993907 15.262570992087349 190 193 199 1.2499025320235955 99 1289 78 829 56 1302 26 1099 43 1096 73 1031 12 1067
683 -4.972909341310837 -4.8665447240461779 7.0837705141917819 0 0 0 1.0824173875100986 12 1185 7 811
399 -6.6810388465933617 10.537089045293232 16.289072572791884 46 43 46 0.83747397270268675 78 1287 43 6 56 1340 96 1053
701 -1.6594759804358461 3.4153863031686265 16.410315596902212 20 23 29 1.8763461907072381 37 337 56 1022 78 277 26 53 99 216 73 108 71 741 91 851
160 3.8942752140782582 -6.7928858325422361 11.23575504513879 55 41 34 2.2300680812197831 56 1313 81 983
709 -7.4524147435347574 10.477696130364858 16.6521784394691 86 75 66 2.2270949754937961 26 424 56 770 99 1319 78 1090 81 613 78 1144 37 927 96 1049 99 1165
168 -6.7439053957732273 7.0390877133533509 14.009969567283857 185 183 184 0.61150189077410066 37 368 78 1249 99 987
713 -2.7755765426128955 2.3165697137893044 16.094710996848033 138 141 147 1.5665638357998319 26 657 71 223
172 -6.3894117379348065 7.7700461643347492 13.385227781913741 190 195 205 1.7943261147929128 37 565 78 1267 81 1024
715 -7.3414491821662766 11.13204148098149 20.240739106562842 0 0 0 0.7009228118710169 56 793 78 1105
174 -6.9482061753024809 8.6311784747574798 14.90271708727575 61 57 60 0.80330725690776461 37 1335 78 1269 12 1050
175 -5.7769058865008143 7.6156368976177502 11.239697635706738 0 0 0 0.23159320410289219 37 1214 78 1276
432 -7.8780771776042853 6.9361759430971128 13.589007285873775 46 41 38 0.30961886336125954 99 979 78 473
721 -1.7207685763258795 3.6826982118324114 14.264777219252764 0 0 0 1.8002418658593649 56 1174 99 331
180 -5.8316890683475116 -5.9795026769894273 10.940054234369587 0 0 0 0.82701558962586574 37 1289 78 1301
437 -7.3403748391680184 9.257582268517849 15.463203269090082 0 0 0 0.30285949659854106 26 1075 56 1315 78 1271 99 1308
722 -2.0348516929623144 4.1497117772087417 16.220371547724991 25 20 20 0.4412312133577122 99 325 71 970
181 -3.1761575981426518 -8.9942517769929538 17.328516197492316 0 0 0 0.22584223217767824 37 1294 78 1308
184 5.9808202631865388 -5.4428729407978853 16.194554809716163 145 131 116 0.6227540656431273 37 1313 99 1217 78 1334 56 1393 26 1159 43 1247
194 4.0822302625007838 -2.8022636872594284 16.173117915301408 131 118 113 1.4848616866625288 37 1318 78 1385 71 1374
738 -1.6293547463097773 3.6507374853942673 16.226530739621115 39 43 53 1.0143554437871389 78 460 71 997 91 842
197 -3.8611124284656149 -9.5173745096130915 19.15948017440979 35 29 30 0.030996735933273935 37 1375 56 1444
740 -0.51115037833465482 4.5993412766224235 25.388428918230794 77 78 94 0.71933383309224774 73 50 71 1125
199 -3.4645230819784576 -9.8223481681830247 19.906108119224132 55 55 65 0.041868230658842626 37 1398 56 1456
742 -2.4380102158336636 2.1019924437787845 14.523943827845942 143 143 143 2.143034909920583 99 65 91 82 37 56
201 4.0372678216498477 -9.5321093985981822 14.557658358277301 0 0 0 1.7505230591011647 37 1397 99 1435 78 1405 56 1460
211 3.8880080076571057 -9.9304376267867287 15.605843087959109 112 77 51 0.99510853800186716 37 1449 78 1447 56 1500
757 -1.4227316148870375 3.651941800746584 15.858624507742704 0 0 0 0.66506710242398426 56 1190 78 461
216 -1.7004270819371845 1.7713481900178905 15.057148480737567 88 84 90 2.2993154760967158 37 1467 78 1467 56 1517 26 1332 73 1216
223 -1.4748496995778997 1.3264643368717635 4.459362748751432 34 33 37 0.58240293972777457 99 181 56 364
224 -3.4355592602966434 3.4391599208783874 16.483886980807753 186 185 189 1.7643066974947679 78 217 99 163 56 463
225 -2.7573430235921066 2.2813391666228529 15.29171611661868 183 181 183 1.3953687208098149 78 65 56 493 26 661
226 -2.4246683537725109 2.0563024910267873 14.316757880370304 132 128 129 0.8466274260731641 78 67 99 64 56 498 81 83 73 57 91 83
768 2.3483347567558579 2.0416833281809077 2.4672102882802318 0 0 0 0.38109321339701369 71 1442 91 1506
227 -2.5175874523000759 2.2245277382312105 14.959813866585057 15 12 12 1.6255103489212228 78 68 99 69 56 499 26 656 73 62
228 -2.3469189033398079 2.1978680714222092 14.532246991605943 181 179 182 0.46287822600663792 78 124 56 500 81 87
229 -1.9328804999994915 2.1306773737404576 7.2524030887455382 184 185 190 0.24899695231017629 99 279 56 650
230 -2.3937292903061969 2.9778902739848054 14.645528996393887 18 16 16 0.48437581842337196 78 243 56 739
772 2.3591885347952735 1.9911258423049625 2.5136679066107863 59 48 44 0.35882644315030782 71 1495 91 1554
231 -2.4392590228375912 2.5099994774896239 14.784730036712723 20 18 19 1.5080588634190071 37 54 78 107 99 98 56 743 43 971
773 -6.2083602278145653 10.144262537369347 16.695190782630664 64 57 56 0.19484583312754589 78 1151 91 504
232 -2.3092340656997905 2.4512308862875978 14.597968710127939 186 187 192 0.43832956963176423 78 108 99 105 56 747 73 67 96 22
235 -1.901771122389514 3.0592689112828366 16.074677819087832 15 16 21 1.7579707654020638 37 160 99 131 56 1015 12 21 81 25 73 106 26 202 91 484
778 -8.3017668247349903 15.266486055105178 21.577867035097483 160 171 186 1.9250494619844545 56 1463 71 1428 99 1462 96 1193 12 1216 37 1426
237 0.061612410710824822 0.66431038461529879 13.085056994066793 52 55 66 1.3574043470999813 78 69 99 1248 56 1024 26 45 43 1040 96 946
779 0.35738249861381555 0.79639297161123834 10.888096766733929 0 0 0 3.0482747655113696 71 1311 96 947
238 3.5036949078178599 -3.8787912363317507 15.649432970441099 101 92 87 0.44531240279448997 78 32 99 38 56 1028
780 0.096552034630681169 0.78769379089131253 10.75372021365866 0 0 0 1.4399421376242401 71 1368 96 1133 91 1471
239 3.3689498099688255 -3.7149280966788156 15.131660638848169 101 92 87 0.68746713767787748 78 31 99 39 56 1029 26 1070
781 -1.215292353773465 2.230447892622855 12.695007092066888 0 0 0 2.6610386145444185 71 1439 96 1182
240 4.9121056618336123 -5.2050805527136959 15.774203936672743 23 17 15 0.97580955708612116 78 23 56 1030 26 41 43 1064
241 -3.6211262750895061 5.7641086151784631 10.235495120094713 107 97 98 0.27062034437118188 99 1109 56 1058
244 -4.2211671797688348 2.688046356369393 7.8190040964172862 0 0 0 0.55991522765327717 99 1254 56 1268
245 -1.8120692153870981 2.186041555685871 13.867590693651714 96 94 102 1.2118691347050223 78 1222 56 1328 26 1072
246 3.3572917452640971 -3.4747062743046091 15.487312970125288 68 61 58 1.1423346296514572 78 1337 99 1224 56 1337 99 1351
247 4.0605863264898687 -3.3284001225710425 15.905047849976958 64 58 57 0.76154157918296528 78 1207 99 1225 56 1343 26 1065 43 1164
248 5.3599700937914427 -4.1326177707346394 17.564148326633724 123 110 100 1.1862171727664796 78 1208 99 1226 56 1351
249 -6.3475053168633417 -6.0506220127352899 11.562052351014769 0 0 0 0.66977667929485429 37 1288 56 1366
250 4.7284874528215619 -4.9141118575540066 15.048676089249119 28 20 16 1.0011110155584311 78 1199 99 1220 56 1386 26 1166 81 978
251 5.3106985274316436 -5.7653795094209608 15.966915025022654 67 45 31 0.83238452315719114 78 1196 99 1216 56 1387 43 1180
252 7.50940645285801 -8.8572553018140425 17.664338645359173 74 49 35 0.57023638409194799 78 1329 56 1389
253 4.3078054194500801 -3.3753927277206568 16.197658876964955 28 25 27 1.3461663413846272 78 1340 99 1353 56 1392 26 1161 43 1236 81 1099 71 1319 91 1378
255 -6.5567839349302179 -7.3994156503823776 11.781917728949779 0 0 0 1.4735291862458513 37 1350 56 1407
256 6.7434457032981969 -7.7092675637910535 17.31600460422883 67 52 46 0.041859348769519918 78 1376 56 1430
257 2.3312895311958535 -7.3361473443229235 11.697160964962309 0 0 0 1.5010944457635862 99 1434 56 1459 43 1331
285 5.1456628272287661 -5.3450015558445436 15.347501959693272 18 14 12 1.0475834387953773 56 1195 99 33 26 39 43 1178
290 -2.4883523987662408 3.3918054974189937 15.775212289549453 17 15 15 2.2020527452859264 78 255 26 219
291 -3.8458522889234579 5.5071457397280623 17.748590829400769 210 210 209 0.88601140149405788 37 490 26 269
293 -2.9295041766255259 3.1308263439121498 15.824650344165985 20 16 16 0.78646903782356614 78 115 26 463
294 -3.866994202540083 3.9686969549914388 11.039301041664654 0 0 0 0.1007710160519094 56 339 99 523
297 -2.6574766279606088 2.0956915711641466 14.939740673356521 18 16 16 1.4359784046007098 78 64 26 658 99 63 81 97
305 -1.1069185912082173 -0.6011494643594506 2.3504742649669188 0 0 0 0.91676390667240537 56 1368 26 1147
307 2.8913671684342592 -3.4323201312284333 14.816097140154509 56 39 31 0.16599040833106132 56 1336 26 1171
308 -1.250238736698378 -0.78194384820874585 2.6128005853605663 0 0 0 1.2899717757541642 56 1367 26 1217
309 4.5837620523129834 -9.4753014326892231 14.996798655596395 51 43 44 2.9185356260119519 56 1425 26 1246
321 3.7676341705394267 -1.1872476783616754 16.991933197386825 165 154 146 1.4070327716694366 56 1521 26 1333 43 1367 81 1261
327 -7.0437139189742766 9.6605861104551707 15.709634918067803 184 193 204 0.9618733153910537 99 1162 43 8 56 1331 78 1279 81 611 12 912 37 1251
339 -5.8646319001028013 6.3086248835515439 15.836649493029958 178 176 181 1.1426972719090531 56 314 43 337
341 -2.0581576259836618 1.5552684972338975 8.7177097005572115 185 186 192 0.57645496837473642 26 246 43 411
342 -5.5017800058235338 4.9091397348468124 14.57050783579904 144 134 128 0.10884404047528404 99 489 43 451
345 -5.9342010226140971 5.8893105194152078 16.625851795319139 32 28 29 1.7494479604217121 78 318 43 527 99 512
349 -5.2796918725475548 5.8470350321557971 14.731044555330657 0 0 0 0.349095082206483 56 318 78 523
350 -1.9217346661705519 2.4373887746063159 12.746221631479406 26 23 23 0.64883180891396131 26 212 43 810
352 -1.9569718749221718 2.7708339287219297 14.733765483727153 179 181 187 0.68904280669242923 26 200 43 902
353 -3.5503995373797066 3.9229870081228619 17.171199442405086 149 147 147 0.48691390933468159 99 177 43 918
354 -2.6809893964473739 2.916234649405574 15.36654678516614 20 17 16 0.026770421351704071 78 116 43 928
356 -3.0198974475192046 2.5871334309078597 14.288738816087363 25 20 18 0.63177549661875709 78 84 43 941 99 88
358 -2.2294717586343933 2.5451979022363895 14.409190431516285 17 15 17 1.1875804662927067 26 210 56 749 43 965 99 118 73 91 78 121
359 -2.0302070849431861 2.3625723227226265 14.153977935619508 12 12 13 1.3595607900898956 26 203 56 754 43 969 12 45
361 -2.517248553993066 2.3082692187429656 14.328170195659817 15 14 14 0.5124920682069255 56 497 99 96 43 977
362 -2.4739237098630671 2.1803749460881767 14.172557224221888 192 190 193 1.6615570543651288 99 68 43 985 26 438
363 -3.0191422135829584 2.3572339926051198 14.243048854467835 29 22 18 0.52155048073620058 56 469 43 992
364 -1.0340116346361843 1.9590320513549058 14.638205813556484 107 105 112 1.0251517134475729 78 134 99 70 43 1027
369 -3.2675852206075588 0.44910650324504359 13.921478506748793 79 59 42 0.8023850770125972 56 141 43 1145
370 0.23487830245327476 0.13547572808775521 12.927213671870684 182 172 163 0.70924872701673325 37 32 43 1147 96 9
374 -8.299613005011361 6.0325369954764465 14.290403607748637 182 156 119 0.17607949396896622 43 1214 81 1202
375 -3.8346817907276272 1.1439926714634678 13.675791714811366 82 59 43 1.445472680075039 26 1251 43 1220
378 -0.14176888694132367 0.22708790925521669 12.877980769654405 54 42 38 2.0934975802952067 26 1237 43 1273
381 1.1156460793669665 -7.3906151801833682 13.40825185903579 61 64 81 0.62171296344766502 26 1254 43 1299
382 -2.7313808898189809 -6.7308943412371365 12.750041002526205 34 30 33 0.43089016336294389 26 1276 43 1310
383 0.87006841599268214 -6.6322413143447889 13.274216466404187 0 0 0 3.3712040072221301 26 1255 43 1312
384 -2.5377398458704641 -7.0725687915547191 13.335242666396708 59 60 70 0.28409714574818534 26 1291 43 1324
388 -2.711147409143905 -6.7594438947921223 12.762351099588159 35 31 33 0.47567272062271665 26 1318 43 1354
390 -1.6595556855832561 5.9182533798536392 17.311904195734332 186 184 183 1.5757323028314831 99 1498 43 1365 73 1215
393 -7.8098237166183129 8.0533234119333876 14.982950882412766 27 26 28 1.3421667143335352 26 846 43 51 12 944
394 -4.1850600282570563 6.0228616225917921 15.519713993593298 49 50 58 0.093838150097782569 26 308 43 376
395 -1.3724584149136101 3.8761996523976201 16.721700457511879 41 47 62 2.2295126505329037 26 46 43 868 91 1084 71 1017
397 -6.7278850214009553 10.829358045842573 16.562217539646326 186 197 207 1.2212176670709884 78 1149 43 4 12 872 56 1044 99 1170 96 1062 37 1055
398 -6.6964843676217694 10.572486997831117 16.349998073139602 46 43 46 1.1296865265508844 78 1288 43 5 56 1341 96 1054 37 1265 99 1167
400 -4.6403723854872565 5.9759802218149414 15.110195274555517 0 0 0 2.9479380755393425 26 338 56 605
401 -3.6627480504529215 6.4277363134538241 16.806500139448048 48 49 57 0.36784629083615045 56 1125 43 462
402 -3.4640153461045187 5.5391924038479781 16.539663358552893 52 45 42 0.55215486253175994 56 936 43 579
403 -4.4033891090871986 6.5964886793181199 18.801715077314796 42 38 38 1.492794367544783 56 906 78 590 43 589
404 0.61319052417512998 4.3377214226974479 17.555935684725707 83 83 99 1.6635190089969767 56 1230 43 863 71 1131
405 -8.8736427815550076 6.2532198969403083 14.710065924973462 83 58 43 1.1192442406394725 56 16 43 1111
406 -0.066534359569400334 5.4603723835543496 17.760851496157205 104 98 104 0.96630137511042435 56 1436 43 1270
407 -6.3662389624245073 8.0930108670139962 17.300007089123252 206 206 207 2.3342299730390299 26 1335 99 1507 43 1371 12 1250 7 874 71 1499 91 1558
408 -6.4405077442681149 8.25456367417185 17.631551195809827 206 206 207 1.715470960545862 26 1336 99 1508 43 1372 12 1251 7 875
409 -1.8226913343740399 3.2946015202166139 16.545833507430405 16 17 22 1.5749566511040252 37 334 26 197 78 275 56 1020 81 19 12 23
410 4.7353283484788466 -4.980114567482695 14.470367117272231 18 14 13 1.0184182684238128 26 38 43 1179 81 8
413 -2.0780548758819122 2.6128210670542851 14.950964930997928 8 9 10 0.35645430291560376 99 126 81 27 78 133
414 -1.9421246572910686 2.8662339714658036 15.345237741846898 14 14 15 1.520190597090733 56 1017 99 128 81 28 43 961 91 482 71 720
415 -2.3182904430785323 2.9160627663823671 16.002970217946025 26 25 26 2.1699258063529361 26 432 81 30 12 55 73 93
418 -3.0111910372351294 2.7549778987376001 17.078586013072858 17 14 13 0.63328325881345271 26 659 81 223
421 -3.5710476670312779 1.5410148519675415 14.580494628766369 61 46 34 0.70557608438691755 26 917 56 138 81 429
422 -4.7965743789934052 5.0287979158754519 13.606001674487162 40 39 43 0.22698797117719219 26 596 81 524
424 -6.8744828066217298 9.6044892964302004 15.633450167318609 86 78 74 1.1461561311772275 26 422 99 1164 81 609 56 772 12 908 73 1045 37 1253 7 692
426 -7.0030173290054938 9.5680583849952594 15.557506387149495 176 186 199 1.129805536402386 56 1330 78 1278 99 1161 81 612 37 1250 12 913 26 1073
428 -7.0837221533973569 9.824268441845236 15.760611866287734 83 69 58 0.97768992151619205 26 425 78 1089 99 1318 81 614 12 914 37 1248
430 -7.1361648397792816 8.8634949327307737 16.70002643918205 88 73 62 1.2650707435589439 99 1073 81 762 78 848
433 5.8566199586354859 -7.6073458580910778 13.328382516380421 104 86 74 3.351509816640279 56 1339 81 974
434 4.3519747649525362 -2.8373272822381996 16.328345530645514 0 0 0 1.872373562443062 78 44 81 980
782 4.939233 -3.062861 16.937693 72.0 62.0 61.0 0.2 99 1511
783 1.822249 -2.744564 11.912606 83.0 71.0 69.0 0.2 99 1512
784 5.214835 -3.169216 17.415701 72.0 63.0 61.0 0.2 99 1513
785 2.288598 -2.862453 13.924722 77.0 67.0 65.0 0.2 99 1514
786 0.208174 -1.149908 11.303654 86.0 77.0 75.0 0.2 99 1515
787 0.272203 -0.604771 11.663272 89.0 79.0 78.0 0.2 99 1516
788 2.350812 1.612253 19.299559 63.0 61.0 63.0 0.2 99 1517
789 0.239541 -0.178389 11.963987 90.0 81.0 79.0 0.2 99 1518
790 0.436510 -0.836321 11.835144 88.0 78.0 77.0 0.2 99 1519
791 0.867863 2.292004 17.864944 62.0 62.0 64.0 0.2 99 1520
792 -1.186660 0.128614 14.514235 63.0 58.0 59.0 0.2 99 1521
793 0.867863 2.292004 17.864944 62.0 62.0 64.0 0.2 99 1522
794 -1.186660 0.128614 14.514235 63.0 58.0 59.0 0.2 99 1523
795 -2.134695 6.716010 18.490845 91.0 93.0 95.0 0.2 99 1524
796 -4.149663 3.834661 11.591573 76.0 74.0 74.0 0.2 99 1525
797 -4.391457 0.097472 10.729378 73.0 64.0 63.0 0.2 99 1526
798 5.060141 -4.024335 18.061823 77.0 66.0 63.0 0.2 99 1527
799 1.931535 0.955955 18.597319 61.0 58.0 60.0 0.2 99 1528
800 0.426875 5.407403 21.569117 86.0 88.0 89.0 0.2 99 1529
801 -2.555095 7.909419 19.878769 90.0 94.0 95.0 0.2 99 1530
802 -5.576555 7.756830 16.833710 96.0 96.0 95.0 0.2 99 1531
803 -7.426029 4.935893 10.703247 87.0 83.0 81.0 0.2 99 1532
804 1.470975 -2.473798 12.063624 82.0 72.0 70.0 0.2 99 1533
805 1.640423 1.092155 18.264271 61.0 58.0 60.0 0.2 99 1534
806 0.116667 5.566959 21.301416 86.0 89.0 90.0 0.2 99 1535
807 -2.862819 8.046100 19.312258 91.0 95.0 96.0 0.2 99 1536
808 -5.868768 7.863570 16.500563 98.0 97.0 96.0 0.2 99 1537
809 -7.702451 5.045949 10.838343 89.0 84.0 82.0 0.2 99 1538
810 1.150874 -2.332167 11.826402 81.0 72.0 71.0 0.2 99 1539
811 1.936438 1.111427 18.662766 61.0 59.0 61.0 0.2 99 1540
812 0.427156 5.564364 21.794323 85.0 88.0 89.0 0.2 99 1541
813 -2.553886 8.053116 20.169765 90.0 94.0 95.0 0.2 99 1542
814 -5.578715 7.954114 16.525373 98.0 97.0 97.0 0.2 99 1543
815 -7.430242 5.106022 11.066822 88.0 84.0 82.0 0.2 99 1544
816 1.473287 -2.319431 12.307488 82.0 72.0 71.0 0.2 99 1545
817 1.839617 1.157180 18.554680 61.0 59.0 61.0 0.2 99 1546
818 0.323573 5.618527 21.704651 86.0 88.0 90.0 0.2 99 1547
819 -2.656280 8.098965 19.999016 90.0 94.0 96.0 0.2 99 1548
820 -5.676357 7.989870 16.416164 99.0 98.0 97.0 0.2 99 1549
821 -7.522936 5.143701 11.117227 88.0 84.0 82.0 0.2 99 1550
822 1.365988 -2.271997 12.229196 82.0 73.0 71.0 0.2 99 1551
823 2.129735 1.019682 18.874737 62.0 59.0 60.0 0.2 99 1552
824 0.635315 5.453155 21.971666 85.0 87.0 88.0 0.2 99 1553
825 -2.348837 7.960458 20.502520 89.0 93.0 95.0 0.2 99 1554
826 -5.382826 7.883322 16.734903 97.0 96.0 96.0 0.2 99 1555
827 -7.244527 5.032011 10.982229 87.0 83.0 81.0 0.2 99 1556
828 1.694018 -2.412234 12.454062 82.0 72.0 71.0 0.2 99 1557
829 2.748401 1.979955 19.238508 72.0 71.0 71.0 0.2 99 1558
830 -1.909124 8.669477 21.735617 88.0 94.0 96.0 0.2 99 1559
831 -4.963722 8.823122 14.930755 103.0 103.0 103.0 0.2 99 1560
832 -6.862470 5.908036 13.483294 90.0 87.0 85.0 0.2 99 1561
833 2.435471 -1.725418 14.815001 70.0 63.0 62.0 0.2 99 1562
834 2.874688 1.920794 19.295506 72.0 70.0 71.0 0.2 99 1563
835 -1.775644 8.618197 21.922531 88.0 94.0 95.0 0.2 99 1564
836 -4.834108 8.784915 15.100234 102.0 103.0 103.0 0.2 99 1565
837 -6.739079 5.873001 13.522171 89.0 86.0 85.0 0.2 99 1566
838 2.517430 -1.802890 15.673631 66.0 59.0 59.0 0.2 99 1567
839 2.874688 1.920794 19.295506 72.0 70.0 71.0 0.2 99 1568
840 -1.775644 8.618197 21.922531 88.0 94.0 95.0 0.2 99 1569
841 -4.834108 8.784915 15.100234 102.0 103.0 103.0 0.2 99 1570
842 -6.739079 5.873001 13.522171 89.0 86.0 85.0 0.2 99 1571
843 2.517430 -1.802890 15.673631 66.0 59.0 59.0 0.2 99 1572
844 2.605459 2.118126 19.263857 72.0 71.0 72.0 0.2 99 1573
845 -2.059713 8.802457 21.530775 89.0 95.0 96.0 0.2 99 1574
846 -5.106016 8.934476 14.972660 103.0 104.0 104.0 0.2 99 1575
847 -7.001481 6.028665 13.618291 91.0 88.0 86.0 0.2 99 1576
848 2.127921 -1.549954 13.856002 87.0 76.0 74.0 0.2 99 1577
849 2.697398 2.108754 19.344688 73.0 71.0 72.0 0.2 99 1578
850 -1.966068 8.794815 21.679253 89.0 95.0 96.0 0.2 99 1579
851 -5.013126 8.929862 15.236989 103.0 103.0 103.0 0.2 99 1580
852 -6.915612 6.036499 13.721737 91.0 87.0 86.0 0.2 99 1581
853 2.412011 -1.580615 14.834537 73.0 66.0 65.0 0.2 99 1582
854 2.697398 2.108754 19.344688 73.0 71.0 72.0 0.2 99 1583
855 -1.966068 8.794815 21.679253 89.0 95.0 96.0 0.2 99 1584
856 -5.013126 8.929862 15.236989 103.0 103.0 103.0 0.2 99 1585
857 -6.915612 6.036499 13.721737 91.0 87.0 86.0 0.2 99 1586
858 2.412011 -1.580615 14.834537 73.0 66.0 65.0 0.2 99 1587
859 2.822475 2.046854 19.393921 72.0 71.0 71.0 0.2 99 1588
860 -1.832609 8.743296 21.875595 88.0 94.0 96.0 0.2 99 1589
861 -4.882648 8.887281 15.504444 102.0 103.0 103.0 0.2 99 1590
862 -6.792565 6.003146 13.774778 90.0 87.0 86.0 0.2 99 1591
863 2.452019 -1.691680 16.063873 65.0 59.0 59.0 0.2 99 1592
864 -3.658494 8.611613 18.356972 95.0 98.0 99.0 0.2 99 1593
865 -5.631922 5.825134 14.684790 84.0 84.0 83.0 0.2 99 1594
866 -5.806273 1.883885 8.895045 76.0 69.0 68.0 0.2 99 1595
867 0.890005 -4.179231 14.693313 65.0 61.0 61.0 0.2 99 1596
868 3.622924 -2.026558 17.159040 66.0 58.0 58.0 0.2 99 1597
869 2.124162 2.262881 19.310646 64.0 64.0 65.0 0.2 99 1598
870 -2.439977 9.151464 20.957428 92.0 97.0 98.0 0.2 99 1599
871 -5.459579 9.209663 15.543468 104.0 104.0 104.0 0.2 99 1600
872 -7.351804 6.355613 13.953879 94.0 90.0 88.0 0.2 99 1601
873 -0.222466 -3.337087 11.321774 70.0 60.0 59.0 0.2 99 1602
874 1.771981 -1.185856 13.525981 89.0 77.0 75.0 0.2 99 1603
875 2.465196 2.421765 19.503471 73.0 72.0 73.0 0.2 99 1604
876 -2.213392 9.095330 21.332773 91.0 96.0 98.0 0.2 99 1605
877 -5.239928 9.170783 15.867775 103.0 103.0 103.0 0.2 99 1606
878 -7.144703 6.331055 14.107974 93.0 90.0 88.0 0.2 99 1607
879 0.001830 -3.385051 11.225752 71.0 61.0 60.0 0.2 99 1608
880 2.177843 -1.232185 14.893098 83.0 73.0 71.0 0.2 99 1609
881 2.115802 2.405184 19.358364 65.0 65.0 66.0 0.2 99 1610
882 -2.465511 9.272621 20.940138 92.0 97.0 99.0 0.2 99 1611
883 -5.479539 9.320632 15.800715 104.0 104.0 104.0 0.2 99 1612
884 -7.376646 6.490707 14.166242 95.0 91.0 89.0 0.2 99 1613
885 -0.239273 -3.226695 11.611891 70.0 60.0 59.0 0.2 99 1614
886 1.846012 -1.188836 16.017424 64.0 59.0 59.0 0.2 99 1615
887 2.706061 2.228806 19.500248 73.0 71.0 72.0 0.2 99 1616
888 -1.960732 8.914867 21.714029 89.0 95.0 97.0 0.2 99 1617
889 -4.999474 9.023866 15.912024 102.0 102.0 103.0 0.2 99 1618
890 -6.911809 6.172987 14.029242 91.0 88.0 87.0 0.2 99 1619
891 2.314477 -1.540678 16.497778 64.0 58.0 58.0 0.2 99 1620
892 2.706061 2.228806 19.500248 73.0 71.0 72.0 0.2 99 1621
893 -1.960732 8.914867 21.714029 89.0 95.0 97.0 0.2 99 1622
894 -4.999474 9.023866 15.912024 102.0 102.0 103.0 0.2 99 1623
895 -6.911809 6.172987 14.029242 91.0 88.0 87.0 0.2 99 1624
896 2.314477 -1.540678 16.497778 64.0 58.0 58.0 0.2 99 1625
897 2.683270 2.350685 19.625624 73.0 72.0 72.0 0.2 99 1626
898 -1.986827 9.037515 21.694199 90.0 96.0 97.0 0.2 99 1627
899 -5.019066 9.129212 16.274378 102.0 102.0 102.0 0.2 99 1628
900 -6.936631 6.307409 14.279211 92.0 89.0 88.0 0.2 99 1629
901 0.218241 -3.426045 10.831407 73.0 63.0 62.0 0.2 99 1630
902 2.267644 -1.441099 17.069807 63.0 57.0 57.0 0.2 99 1631
903 -1.862161 9.026942 21.890591 89.0 95.0 97.0 0.2 99 1632
904 -4.896517 9.126761 16.552042 101.0 102.0 102.0 0.2 99 1633
905 -6.821577 6.317982 14.423000 92.0 89.0 87.0 0.2 99 1634
906 0.274947 -3.407831 9.320550 78.0 67.0 65.0 0.2 99 1635
907 2.389740 -1.449654 17.191471 63.0 57.0 57.0 0.2 99 1636
908 -1.862161 9.026942 21.890591 89.0 95.0 97.0 0.2 99 1637
909 -4.896517 9.126761 16.552042 101.0 102.0 102.0 0.2 99 1638
910 -6.821577 6.317982 14.423000 92.0 89.0 87.0 0.2 99 1639
911 0.274947 -3.407831 9.320550 78.0 67.0 65.0 0.2 99 1640
912 2.389740 -1.449654 17.191471 63.0 57.0 57.0 0.2 99 1641
913 2.797676 2.109860 19.507624 70.0 68.0 69.0 0.2 99 1642
914 -1.827446 8.863492 21.911640 89.0 95.0 96.0 0.2 99 1643
915 -4.869666 8.983400 16.141041 101.0 102.0 102.0 0.2 99 1644
916 -6.788310 6.138385 14.081795 91.0 88.0 86.0 0.2 99 1645
917 2.439511 -1.590564 16.656904 64.0 58.0 58.0 0.2 99 1646
918 2.797676 2.109860 19.507624 70.0 68.0 69.0 0.2 99 1647
919 -1.827446 8.863492 21.911640 89.0 95.0 96.0 0.2 99 1648
920 -4.869666 8.983400 16.141041 101.0 102.0 102.0 0.2 99 1649
921 -6.788310 6.138385 14.081795 91.0 88.0 86.0 0.2 99 1650
922 2.439511 -1.590564 16.656904 64.0 58.0 58.0 0.2 99 1651
923 -1.609307 8.843932 22.233797 88.0 94.0 96.0 0.2 99 1652
924 -4.653449 8.973596 16.760252 100.0 101.0 101.0 0.2 99 1653
925 -6.586070 6.156407 14.344366 90.0 87.0 86.0 0.2 99 1654
926 2.648102 -1.609066 16.940866 64.0 58.0 58.0 0.2 99 1655
927 -1.768796 9.018532 22.033598 89.0 95.0 97.0 0.2 99 1656
928 -4.804556 9.125848 16.745747 100.0 102.0 102.0 0.2 99 1657
929 -6.734974 6.326200 14.534749 91.0 89.0 87.0 0.2 99 1658
930 0.106320 -3.451853 9.013144 75.0 67.0 66.0 0.2 99 1659
931 2.481657 -1.455950 17.272305 63.0 57.0 57.0 0.2 99 1660
932 -4.674706 9.086343 16.950293 100.0 101.0 101.0 0.2 99 1661
933 -6.611085 6.292078 14.607425 91.0 88.0 87.0 0.2 99 1662
934 0.035097 -3.585842 11.808819 69.0 64.0 64.0 0.2 99 1663
935 2.613755 -1.501125 17.294527 64.0 57.0 57.0 0.2 99 1664
936 2.603623 2.487942 19.724089 73.0 72.0 73.0 0.2 99 1665
937 -2.074986 9.163671 21.582548 91.0 96.0 98.0 0.2 99 1666
938 -5.101047 9.243065 16.345491 102.0 103.0 103.0 0.2 99 1667
939 -7.018632 6.435920 14.432573 93.0 90.0 88.0 0.2 99 1668
940 0.148660 -3.319354 11.440360 71.0 61.0 60.0 0.2 99 1669
941 2.175035 -1.329121 17.256821 62.0 56.0 57.0 0.2 99 1670
942 2.658925 2.469536 19.742844 73.0 72.0 72.0 0.2 99 1671
943 -2.012750 9.158672 21.681988 90.0 96.0 98.0 0.2 99 1672
944 -5.039999 9.242681 16.463833 102.0 103.0 103.0 0.2 99 1673
945 -6.961279 6.441591 14.502905 93.0 90.0 88.0 0.2 99 1674
946 0.211199 -3.322333 11.427320 71.0 62.0 60.0 0.2 99 1675
947 2.235932 -1.333254 17.324759 62.0 56.0 57.0 0.2 99 1676
948 -4.795721 9.242681 16.916494 101.0 102.0 102.0 0.2 99 1677
949 -6.730718 6.463314 14.794780 92.0 89.0 88.0 0.2 99 1678
950 0.460596 -3.335165 11.423705 72.0 63.0 61.0 0.2 99 1679
951 2.480058 -1.349979 17.568819 63.0 57.0 57.0 0.2 99 1680
952 -4.726119 9.362492 17.143997 101.0 102.0 102.0 0.2 99 1681
953 -6.668569 6.608212 15.107462 93.0 90.0 89.0 0.2 99 1682
954 -6.806348 2.606649 8.215663 79.0 73.0 72.0 0.2 99 1683
955 0.540762 -3.227416 11.682808 72.0 63.0 61.0 0.2 99 1684
956 2.541517 -1.247468 17.865433 63.0 56.0 57.0 0.2 99 1685
957 -4.726119 9.362492 17.143997 101.0 102.0 102.0 0.2 99 1686
958 -6.668569 6.608212 15.107462 93.0 90.0 89.0 0.2 99 1687
959 -6.806348 2.606649 8.215663 79.0 73.0 72.0 0.2 99 1688
960 0.540762 -3.227416 11.682808 72.0 63.0 61.0 0.2 99 1689
961 2.541517 -1.247468 17.865433 63.0 56.0 57.0 0.2 99 1690
962 -4.581406 9.243065 17.300827 100.0 101.0 102.0 0.2 99 1691
963 -6.527528 6.481913 15.062723 91.0 89.0 88.0 0.2 99 1692
964 -6.670319 2.492172 8.256494 79.0 73.0 71.0 0.2 99 1693
965 0.655254 -3.333002 10.796730 76.0 66.0 64.0 0.2 99 1694
966 2.690853 -1.366271 17.799398 63.0 57.0 57.0 0.2 99 1695
967 -4.581406 9.243065 17.300827 100.0 101.0 102.0 0.2 99 1696
968 -6.527528 6.481913 15.062723 91.0 89.0 88.0 0.2 99 1697
969 -6.670319 2.492172 8.256494 79.0 73.0 71.0 0.2 99 1698
970 0.655254 -3.333002 10.796730 76.0 66.0 64.0 0.2 99 1699
971 2.690853 -1.366271 17.799398 63.0 57.0 57.0 0.2 99 1700
972 -4.511998 9.363405 17.501320 100.0 101.0 102.0 0.2 99 1701
973 -6.465011 6.627628 15.380095 92.0 90.0 89.0 0.2 99 1702
974 -6.606808 2.609052 8.329463 79.0 73.0 71.0 0.2 99 1703
975 0.758988 -3.240056 11.735850 73.0 63.0 62.0 0.2 99 1704
976 2.751534 -1.263712 18.096891 63.0 57.0 57.0 0.2 99 1705
977 -4.511998 9.363405 17.501320 100.0 101.0 102.0 0.2 99 1706
978 -6.465011 6.627628 15.380095 92.0 90.0 89.0 0.2 99 1707
979 -6.606808 2.609052 8.329463 79.0 73.0 71.0 0.2 99 1708
980 0.758988 -3.240056 11.735850 73.0 63.0 62.0 0.2 99 1709
981 2.751534 -1.263712 18.096891 63.0 57.0 57.0 0.2 99 1710
982 -4.412390 9.484947 17.731266 100.0 102.0 102.0 0.2 99 1711
983 -6.372121 6.772719 15.699125 92.0 90.0 89.0 0.2 99 1712
984 -6.514610 2.726846 8.427048 79.0 73.0 72.0 0.2 99 1713
985 0.862095 -3.123079 11.658876 75.0 65.0 63.0 0.2 99 1714
986 2.843494 -1.162836 18.379097 63.0 56.0 57.0 0.2 99 1715
987 -3.269546 8.991714 19.437878 94.0 98.0 99.0 0.2 99 1716
988 -5.265116 6.310341 16.236576 85.0 85.0 85.0 0.2 99 1717
989 -5.443723 2.274703 9.289292 75.0 69.0 69.0 0.2 99 1718
990 1.428505 -3.784856 13.672773 70.0 64.0 64.0 0.2 99 1719
991 1.742083 2.836758 19.296532 65.0 66.0 67.0 0.2 99 1720
992 -2.861523 9.694726 20.333578 95.0 100.0 101.0 0.2 99 1721
993 -5.849326 9.704722 16.020306 106.0 106.0 105.0 0.2 99 1722
994 -7.737317 6.899260 14.369421 99.0 94.0 92.0 0.2 99 1723
995 -0.618435 -2.846113 12.416893 68.0 58.0 57.0 0.2 99 1724
996 1.529971 -0.585740 14.181676 87.0 77.0 75.0 0.2 99 1725
997 2.133321 2.934222 19.749632 71.0 71.0 72.0 0.2 99 1726
998 -2.543560 9.635469 20.867804 94.0 99.0 100.0 0.2 99 1727
999 -5.542489 9.672138 16.273695 105.0 105.0 105.0 0.2 99 1728
1000 -7.448668 6.889504 14.628818 98.0 94.0 92.0 0.2 99 1729
1001 -0.298808 -2.898498 12.457236 68.0 58.0 58.0 0.2 99 1730
1002 1.737698 -0.881641 16.969536 62.0 57.0 57.0 0.2 99 1731
1003 1.953029 3.248241 19.868999 68.0 69.0 70.0 0.2 99 1732
1004 -5.673592 10.069301 16.719030 106.0 107.0 106.0 0.2 99 1733
1005 -7.584395 7.333380 14.807283 101.0 97.0 95.0 0.2 99 1734
1006 -0.434384 -2.530412 13.153566 66.0 57.0 57.0 0.2 99 1735
1007 1.628456 -0.473040 16.774366 63.0 58.0 59.0 0.2 99 1736
1008 2.269242 3.234112 20.388475 75.0 75.0 76.0 0.2 99 1737
1009 -5.435190 9.915174 16.700665 105.0 106.0 105.0 0.2 99 1738
1010 -7.354850 7.176514 14.952880 100.0 95.0 93.0 0.2 99 1739
1011 -0.186153 -2.687181 12.976810 67.0 58.0 57.0 0.2 99 1740
1012 1.861220 -0.651052 17.097599 63.0 58.0 58.0 0.2 99 1741
1013 -4.351255 9.646379 17.920427 100.0 102.0 103.0 0.2 99 1742
1014 -6.316344 6.962073 15.986703 93.0 91.0 91.0 0.2 99 1743
1015 -6.458552 2.884769 8.527172 79.0 73.0 72.0 0.2 99 1744
1016 0.677461 -2.969818 9.810526 79.0 70.0 68.0 0.2 99 1745
1017 2.897845 -1.022262 18.635220 62.0 56.0 57.0 0.2 99 1746
1018 -4.466201 9.767680 17.808189 101.0 103.0 103.0 0.2 99 1747
1019 -6.428222 7.089430 15.959352 95.0 92.0 91.0 0.2 99 1748
1020 -6.566887 3.000544 8.513399 79.0 74.0 72.0 0.2 99 1749
1021 0.559880 -2.843614 9.805545 80.0 70.0 69.0 0.2 99 1750
1022 2.784671 -0.903412 18.627014 62.0 56.0 57.0 0.2 99 1751
1023 -4.282928 9.768064 18.086634 100.0 102.0 103.0 0.2 99 1752
1024 -6.252035 7.106732 16.193497 94.0 92.0 91.0 0.2 99 1753
1025 -6.395020 3.004389 8.625539 79.0 73.0 72.0 0.2 99 1754
1026 0.720104 -2.869951 10.254641 79.0 70.0 69.0 0.2 99 1755
1027 -4.314294 9.928919 18.142412 100.0 103.0 104.0 0.2 99 1756
1028 -6.284395 7.292097 16.244635 96.0 93.0 93.0 0.2 99 1757
1029 -6.425241 3.162456 8.693624 79.0 74.0 73.0 0.2 99 1758
1030 0.686339 -2.715296 10.487515 79.0 70.0 69.0 0.2 99 1759
1031 -4.222787 9.928727 18.278385 100.0 103.0 104.0 0.2 99 1760
1032 -6.196042 7.301468 16.356726 95.0 93.0 93.0 0.2 99 1761
1033 -6.339178 3.165003 8.753601 79.0 74.0 73.0 0.2 99 1762
1034 0.773267 -2.726686 10.687374 79.0 70.0 69.0 0.2 99 1763
1035 -4.222787 9.928727 18.278385 100.0 103.0 104.0 0.2 99 1764
1036 -6.196042 7.301468 16.356726 95.0 93.0 93.0 0.2 99 1765
1037 -6.339178 3.165003 8.753601 79.0 74.0 73.0 0.2 99 1766
1038 0.773267 -2.726686 10.687374 79.0 70.0 69.0 0.2 99 1767
1039 -4.162884 10.087611 18.495876 100.0 103.0 104.0 0.2 99 1768
1040 -6.139400 7.497166 16.438387 96.0 95.0 94.0 0.2 99 1769
1041 -6.283509 3.327395 8.902762 79.0 74.0 73.0 0.2 99 1770
1042 -4.717478 -0.222796 10.155004 74.0 65.0 63.0 0.2 99 1771
1043 -1.914568 -2.445347 11.882032 69.0 59.0 58.0 0.2 99 1772
1044 0.841206 -2.578279 11.021839 80.0 71.0 70.0 0.2 99 1773
1045 -2.986233 10.128510 20.354580 97.0 102.0 103.0 0.2 99 1774
1046 -4.988089 7.737463 17.183413 95.0 95.0 95.0 0.2 99 1775
1047 -5.166588 3.461721 10.023669 76.0 73.0 72.0 0.2 99 1776
1048 -3.564783 -0.186319 11.907381 71.0 62.0 61.0 0.2 99 1777
1049 -0.727720 -2.442896 13.103210 66.0 57.0 56.0 0.2 99 1778
1050 2.379781 -2.605577 14.158525 73.0 65.0 63.0 0.2 99 1779
1051 2.010124 3.808229 20.695444 73.0 74.0 75.0 0.2 99 1780
1052 -5.662726 10.506832 17.521980 107.0 108.0 108.0 0.2 99 1781
1053 -7.582904 7.836464 14.903990 105.0 100.0 97.0 0.2 99 1782
1054 -0.421228 -2.128972 13.691650 65.0 56.0 56.0 0.2 99 1783
1055 1.598688 -0.106252 17.535753 61.0 57.0 58.0 0.2 99 1784
1056 2.216662 3.528283 20.732025 75.0 76.0 77.0 0.2 99 1785
1057 -5.485826 10.194927 17.056963 106.0 107.0 106.0 0.2 99 1786
1058 -7.409028 7.489765 15.031563 102.0 97.0 95.0 0.2 99 1787
1059 -0.238192 -2.429872 13.399531 66.0 57.0 56.0 0.2 99 1788
1060 1.812377 -0.382064 17.218969 63.0 58.0 59.0 0.2 99 1789
1061 -4.726270 10.482947 18.242781 103.0 106.0 106.0 0.2 99 1790
1062 -6.685678 7.897452 15.767797 101.0 98.0 97.0 0.2 99 1791
1063 -6.818618 3.714465 8.932458 81.0 77.0 75.0 0.2 99 1792
1064 -2.470523 -2.052318 11.781322 70.0 60.0 59.0 0.2 99 1793
1065 0.317762 -2.118111 10.365119 82.0 73.0 72.0 0.2 99 1794
1066 2.572213 -0.183531 18.451967 63.0 58.0 59.0 0.2 99 1795
1067 -4.544898 10.482418 18.454702 103.0 106.0 106.0 0.2 99 1796
1068 -6.510635 7.918886 15.936348 101.0 98.0 97.0 0.2 99 1797
1069 -6.647485 3.720761 9.026037 81.0 76.0 75.0 0.2 99 1798
1070 -5.076529 0.141254 9.773211 74.0 65.0 64.0 0.2 99 1799
1071 -2.286688 -2.063083 12.004233 69.0 59.0 58.0 0.2 99 1800
1072 0.476755 -2.147091 10.868331 81.0 73.0 71.0 0.2 99 1801
1073 2.748941 -0.200977 18.684940 63.0 58.0 59.0 0.2 99 1802
1074 -3.822865 10.354917 19.262049 100.0 104.0 105.0 0.2 99 1803
1075 -5.809297 7.871548 16.533579 98.0 97.0 96.0 0.2 99 1804
1076 -5.962781 3.626661 9.428587 78.0 74.0 74.0 0.2 99 1805
1077 -4.378323 0.024950 10.724640 73.0 64.0 63.0 0.2 99 1806
1078 -1.561825 -2.215960 12.676826 67.0 58.0 57.0 0.2 99 1807
1079 1.216804 -2.337405 11.909627 82.0 72.0 71.0 0.2 99 1808
1080 -3.814807 10.882080 19.988319 101.0 106.0 106.0 0.2 99 1809
1081 -5.805192 8.593110 14.569182 104.0 103.0 102.0 0.2 99 1810
1082 -5.956430 4.212311 10.250098 80.0 77.0 76.0 0.2 99 1811
1083 -4.354128 0.536734 10.869112 72.0 64.0 64.0 0.2 99 1812
1084 -1.535881 -1.709462 13.264534 66.0 57.0 57.0 0.2 99 1813
1085 1.266554 -1.786838 12.616165 84.0 74.0 73.0 0.2 99 1814
1086 -0.323564 5.454309 20.547112 87.0 89.0 90.0 0.2 99 1815
1087 -2.061377 9.242536 21.615173 91.0 97.0 98.0 0.2 99 1816
1088 -4.973270 11.560004 20.258167 105.0 109.0 109.0 0.2 99 1817
1089 -7.792359 11.394344 19.444033 110.0 112.0 111.0 0.2 99 1818
1090 -9.618114 8.776889 14.814219 111.0 106.0 103.0 0.2 99 1819
1091 -2.694818 -0.993859 12.635067 69.0 60.0 59.0 0.2 99 1820
1092 -0.664771 1.107438 15.293157 62.0 59.0 61.0 0.2 99 1821
1093 -0.176367 5.799519 21.158020 87.0 90.0 91.0 0.2 99 1822
1094 -7.648035 11.731865 20.210499 110.0 113.0 112.0 0.2 99 1823
1095 -9.489841 9.188037 15.286417 111.0 108.0 105.0 0.2 99 1824
1096 -2.544618 -0.674073 13.032733 68.0 59.0 59.0 0.2 99 1825
1097 -0.510294 1.460578 15.636999 62.0 60.0 62.0 0.2 99 1826
1098 0.204005 5.595410 21.478077 86.0 89.0 90.0 0.2 99 1827
1099 -7.319400 11.626422 20.040775 109.0 113.0 111.0 0.2 99 1828
1100 -9.176349 9.074376 15.122212 111.0 107.0 104.0 0.2 99 1829
1101 -2.182976 -0.834975 13.299309 67.0 59.0 58.0 0.2 99 1830
1102 -0.135949 1.310585 15.865333 62.0 60.0 62.0 0.2 99 1831
1103 0.971748 5.158071 22.052597 83.0 86.0 87.0 0.2 99 1832
1104 -6.648155 11.398189 19.583326 109.0 112.0 111.0 0.2 99 1833
1105 -8.535627 8.841145 14.838786 111.0 106.0 104.0 0.2 99 1834
1106 -1.456946 -1.159952 13.704985 66.0 57.0 57.0 0.2 99 1835
1107 0.660244 1.361672 15.004749 91.0 83.0 82.0 0.2 99 1836
1108 -5.842975 11.932609 20.856962 107.0 111.0 111.0 0.2 99 1837
1109 -7.766826 9.561265 15.650235 111.0 108.0 106.0 0.2 99 1838
1110 -7.926984 5.332190 11.375792 91.0 86.0 84.0 0.2 99 1839
1111 -3.587466 -0.547821 11.672991 71.0 62.0 61.0 0.2 99 1840
1112 -0.585146 -0.620246 14.251079 66.0 59.0 60.0 0.2 99 1841
1113 1.415026 1.383443 18.080090 61.0 59.0 61.0 0.2 99 1842
1114 -0.229811 6.078839 21.502790 86.0 90.0 91.0 0.2 99 1843
1115 -7.685839 11.970816 20.685577 109.0 113.0 112.0 0.2 99 1844
1116 -9.530150 9.478075 15.684376 111.0 109.0 106.0 0.2 99 1845
1117 -2.593590 -0.409746 13.097887 68.0 60.0 59.0 0.2 99 1846
1118 -0.559223 1.737880 15.799201 62.0 61.0 62.0 0.2 99 1847
1119 -0.126379 6.181878 21.818501 86.0 89.0 91.0 0.2 99 1848
1120 -9.442337 9.620234 15.888825 111.0 109.0 106.0 0.2 99 1849
1121 -2.493464 -0.294500 13.228391 68.0 60.0 60.0 0.2 99 1850
1122 -0.453761 1.863411 16.002235 63.0 61.0 63.0 0.2 99 1851
1123 -0.458254 6.746912 22.279659 83.0 88.0 89.0 0.2 99 1852
1124 -9.704134 10.178972 16.836102 111.0 111.0 108.0 0.2 99 1853
1125 -2.812507 0.302637 13.003868 69.0 62.0 62.0 0.2 99 1854
1126 -0.769737 2.498227 16.251520 64.0 64.0 65.0 0.2 99 1855
1127 -3.360966 8.202484 17.982212 94.0 97.0 98.0 0.2 99 1856
1128 -5.024143 11.805107 20.773296 105.0 110.0 110.0 0.2 99 1857
1129 -5.524861 1.468075 9.228143 75.0 68.0 67.0 0.2 99 1858
1130 -3.579149 3.914488 12.422461 75.0 74.0 74.0 0.2 99 1859
1131 -3.252718 8.440426 19.078064 93.0 96.0 97.0 0.2 99 1860
1132 -5.429012 1.733075 9.325727 75.0 68.0 67.0 0.2 99 1861
1133 -3.476970 4.193184 12.833705 75.0 74.0 75.0 0.2 99 1862
1134 -2.962751 8.386840 19.652390 91.0 95.0 97.0 0.2 99 1863
1135 -5.159200 1.697030 9.664295 74.0 68.0 67.0 0.2 99 1864
1136 -3.192188 4.137339 12.945746 74.0 73.0 74.0 0.2 99 1865
1137 -2.144048 8.017504 20.978039 88.0 93.0 94.0 0.2 99 1866
1138 -4.397160 1.402426 10.763908 73.0 66.0 65.0 0.2 99 1867
1139 -2.393208 3.777663 13.952756 71.0 70.0 72.0 0.2 99 1868
1140 -2.105531 8.130203 21.141413 88.0 93.0 94.0 0.2 99 1869
1141 -4.359680 1.519114 10.795069 73.0 66.0 65.0 0.2 99 1870
1142 -2.352380 3.912709 14.161308 71.0 71.0 72.0 0.2 99 1871
1143 -1.916836 8.112758 21.457417 87.0 92.0 94.0 0.2 99 1872
1144 -4.181808 1.522046 11.058812 72.0 66.0 65.0 0.2 99 1873
1145 -2.165715 3.918044 14.583102 71.0 71.0 72.0 0.2 99 1874
1146 -1.975119 8.394914 21.522181 88.0 93.0 95.0 0.2 99 1875
1147 -4.232854 1.796032 10.909553 72.0 67.0 66.0 0.2 99 1876
1148 -2.215076 4.233073 14.883965 72.0 73.0 74.0 0.2 99 1877
1149 -1.975119 8.394914 21.522181 88.0 93.0 95.0 0.2 99 1878
1150 -4.232854 1.796032 10.909553 72.0 67.0 66.0 0.2 99 1879
1151 -2.215076 4.233073 14.883965 72.0 73.0 74.0 0.2 99 1880
1152 -2.576158 8.919914 20.666285 91.0 96.0 98.0 0.2 99 1881
1153 -4.793345 2.253893 10.055222 74.0 68.0 68.0 0.2 99 1882
1154 -2.800929 4.757689 14.865991 75.0 76.0 77.0 0.2 99 1883
1155 -2.564406 9.159441 20.742331 92.0 97.0 99.0 0.2 99 1884
1156 -4.779174 2.495536 10.053072 74.0 69.0 69.0 0.2 99 1885
1157 -2.783345 5.030665 15.616291 76.0 77.0 78.0 0.2 99 1886
1158 -2.564406 9.159441 20.742331 92.0 97.0 99.0 0.2 99 1887
1159 -4.779174 2.495536 10.053072 74.0 69.0 69.0 0.2 99 1888
1160 -2.783345 5.030665 15.616291 76.0 77.0 78.0 0.2 99 1889
1161 -1.633674 8.525731 22.097628 87.0 93.0 95.0 0.2 99 1890
1162 -3.905018 1.967796 11.318550 72.0 67.0 67.0 0.2 99 1891
1163 -1.865661 4.445928 16.071297 73.0 74.0 76.0 0.2 99 1892
1164 -9.853773 8.222477 14.245071 109.0 104.0 101.0 0.2 99 1893
1165 -5.617967 2.116444 9.096272 76.0 69.0 68.0 0.2 99 1894
1166 -2.699701 2.125239 13.479875 68.0 64.0 65.0 0.2 99 1895
1167 -0.601693 4.989238 19.686529 86.0 88.0 89.0 0.2 99 1896
1168 -2.567409 9.319816 20.765385 93.0 98.0 99.0 0.2 99 1897
1169 -4.779800 2.657880 10.055319 74.0 70.0 69.0 0.2 99 1898
1170 -2.782200 5.213435 16.117109 77.0 78.0 79.0 0.2 99 1899
1171 -7.043519 2.953446 8.261476 81.0 75.0 73.0 0.2 99 1900
1172 -4.194510 3.064222 10.785301 74.0 71.0 71.0 0.2 99 1901
1173 -2.159796 5.650535 18.170202 78.0 80.0 82.0 0.2 99 1902
1174 -6.373849 3.044470 8.660705 79.0 73.0 72.0 0.2 99 1903
1175 -3.483991 3.198452 11.733603 74.0 71.0 71.0 0.2 99 1904
1176 -1.426703 6.017131 19.627430 87.0 90.0 91.0 0.2 99 1905
1177 -4.463155 3.213735 10.562096 75.0 71.0 71.0 0.2 99 1906
1178 -2.441921 5.824798 18.177626 79.0 81.0 82.0 0.2 99 1907
1179 -4.463155 3.213735 10.562096 75.0 71.0 71.0 0.2 99 1908
1180 -2.441921 5.824798 18.177626 79.0 81.0 82.0 0.2 99 1909
1181 -7.186698 3.107668 8.305531 81.0 76.0 74.0 0.2 99 1910
1182 -4.344019 3.222097 10.696605 75.0 71.0 71.0 0.2 99 1911
1183 -2.316088 5.831478 18.377192 79.0 81.0 83.0 0.2 99 1912
1184 -7.186698 3.107668 8.305531 81.0 76.0 74.0 0.2 99 1913
1185 -4.344019 3.222097 10.696605 75.0 71.0 71.0 0.2 99 1914
1186 -2.316088 5.831478 18.377192 79.0 81.0 83.0 0.2 99 1915
1187 -7.339447 3.459702 8.534694 83.0 77.0 75.0 0.2 99 1916
1188 -4.501564 3.591577 10.849185 75.0 73.0 73.0 0.2 99 1917
1189 -2.479531 6.269154 19.188641 81.0 84.0 86.0 0.2 99 1918
1190 -6.966204 3.588694 8.747642 81.0 77.0 75.0 0.2 99 1919
1191 -4.104580 3.754642 11.539215 75.0 73.0 73.0 0.2 99 1920
1192 -2.086932 6.633155 18.518440 90.0 93.0 94.0 0.2 99 1921
1193 -6.960847 3.709803 8.869061 82.0 77.0 75.0 0.2 99 1922
1194 -4.097516 3.889593 11.808331 76.0 74.0 74.0 0.2 99 1923
1195 -2.079242 6.752967 18.650166 90.0 93.0 95.0 0.2 99 1924
1196 -6.960847 3.709803 8.869061 82.0 77.0 75.0 0.2 99 1925
1197 -4.097516 3.889593 11.808331 76.0 74.0 74.0 0.2 99 1926
1198 -2.079242 6.752967 18.650166 90.0 93.0 95.0 0.2 99 1927
1199 5.800406 -4.269102 18.827484 79.0 66.0 63.0 0.2 99 1928
1200 3.120910 -1.761318 17.256283 65.0 58.0 58.0 0.2 99 1929
1201 0.144145 -1.517898 13.950900 66.0 59.0 59.0 0.2 99 1930
1202 6.411382 -4.585188 19.723942 76.0 64.0 61.0 0.2 99 1931
1203 3.751997 -2.075098 17.155523 66.0 59.0 58.0 0.2 99 1932
1204 0.492827 -1.763241 11.568275 82.0 74.0 73.0 0.2 99 1933
1205 5.199152 -2.664113 17.520319 71.0 62.0 61.0 0.2 99 1934
1206 2.347896 -0.238944 18.107246 63.0 58.0 59.0 0.2 99 1935
1207 -0.658917 -0.071697 14.750726 63.0 58.0 58.0 0.2 99 1936
1208 0.167757 -1.264193 11.065601 85.0 76.0 75.0 0.2 99 1937
1209 0.529054 -0.933641 11.992755 87.0 78.0 76.0 0.2 99 1938
1210 2.099622 1.021797 18.837959 61.0 59.0 60.0 0.2 99 1939
1211 0.036307 -0.748757 10.855339 89.0 79.0 77.0 0.2 99 1940
1212 0.320009 -0.441850 11.880713 89.0 80.0 78.0 0.2 99 1941
1213 0.952673 2.325358 17.997694 63.0 62.0 64.0 0.2 99 1942
1214 -1.101892 0.163697 14.581148 63.0 58.0 59.0 0.2 99 1943
1215 0.763675 2.650671 18.026316 64.0 64.0 66.0 0.2 99 1944
1216 -1.305148 0.431292 14.566838 63.0 58.0 59.0 0.2 99 1945
1217 1.157203 2.875878 18.676149 65.0 65.0 67.0 0.2 99 1946
1218 -0.918770 0.650298 14.898812 63.0 58.0 59.0 0.2 99 1947
1219 -1.208046 -2.811367 11.966772 68.0 58.0 58.0 0.2 99 1948
1220 1.757637 2.442190 19.040651 64.0 64.0 65.0 0.2 99 1949
1221 -0.295028 0.304800 15.135888 62.0 58.0 59.0 0.2 99 1950
1222 -0.590222 -3.169937 11.552158 69.0 60.0 59.0 0.2 99 1951
1223 -2.449461 7.364618 18.568502 92.0 95.0 96.0 0.2 99 1952
1224 -4.452073 4.498505 12.530302 77.0 76.0 76.0 0.2 99 1953
1225 -4.677146 0.686102 10.400724 73.0 65.0 64.0 0.2 99 1954
1226 4.823618 -3.364769 17.027462 73.0 63.0 61.0 0.2 99 1955
1227 -4.437686 8.968886 17.260923 99.0 100.0 101.0 0.2 99 1956
1228 -6.382577 6.174333 14.620612 89.0 87.0 86.0 0.2 99 1957
1229 -6.533403 2.224193 8.285017 78.0 72.0 70.0 0.2 99 1958
1230 0.204416 -3.749292 13.026750 67.0 63.0 63.0 0.2 99 1959
1231 2.853734 -1.628867 17.256968 64.0 57.0 58.0 0.2 99 1960
1232 -4.113502 9.525269 18.235649 98.0 101.0 102.0 0.2 99 1961
1233 -6.085957 6.844424 16.146999 92.0 90.0 90.0 0.2 99 1962
1234 -6.235185 2.771012 8.641070 78.0 72.0 71.0 0.2 99 1963
1235 0.925325 -3.106883 10.011068 79.0 69.0 68.0 0.2 99 1964
1236 -3.857126 10.660190 19.603987 101.0 105.0 106.0 0.2 99 1965
1237 -5.842370 8.254484 15.935860 101.0 100.0 99.0 0.2 99 1966
1238 -5.996156 3.956876 9.804079 79.0 76.0 75.0 0.2 99 1967
1239 -4.402172 0.316190 10.766545 73.0 64.0 63.0 0.2 99 1968
1240 -1.585976 -1.924672 13.002695 67.0 57.0 57.0 0.2 99 1969
1241 1.192112 -2.024155 12.341922 82.0 73.0 72.0 0.2 99 1970
1242 -1.705718 5.088529 18.716932 80.0 82.0 83.0 0.2 99 1971
1243 -3.432772 9.036025 19.164953 95.0 98.0 99.0 0.2 99 1972
1244 -6.276488 11.276214 19.286762 108.0 111.0 110.0 0.2 99 1973
1245 -9.002386 10.959791 18.360781 111.0 112.0 110.0 0.2 99 1974
1246 -2.022666 0.878291 14.211029 65.0 60.0 61.0 0.2 99 1975
1247 -5.841441 9.146514 14.660173 106.0 106.0 105.0 0.2 99 1976
1248 -6.002464 4.769415 11.388295 81.0 79.0 78.0 0.2 99 1977
1249 -4.385171 1.021220 10.831212 72.0 65.0 64.0 0.2 99 1978
1250 -1.565325 -1.230792 13.591379 66.0 57.0 57.0 0.2 99 1979
1251 1.306194 -1.246267 12.888651 87.0 77.0 75.0 0.2 99 1980
1252 3.591017 0.788709 18.770462 71.0 68.0 68.0 0.2 99 1981
1253 -2.825728 8.934139 20.215578 92.0 97.0 98.0 0.2 99 1982
1254 -5.027729 2.245435 9.769890 74.0 69.0 68.0 0.2 99 1983
1255 -3.049268 4.755670 14.520781 75.0 76.0 77.0 0.2 99 1984
1256 -2.582444 8.800150 20.619398 91.0 96.0 97.0 0.2 99 1985
1257 -4.800517 2.134322 10.062254 74.0 68.0 68.0 0.2 99 1986
1258 -2.809786 4.622738 14.519901 75.0 75.0 76.0 0.2 99 1987
1259 -2.641051 9.084757 20.582815 92.0 97.0 98.0 0.2 99 1988
1260 -4.852341 2.411672 9.969554 74.0 69.0 68.0 0.2 99 1989
1261 -2.861804 4.938968 15.261996 76.0 77.0 78.0 0.2 99 1990
1262 -2.652068 9.284732 20.614807 93.0 98.0 99.0 0.2 99 1991
1263 -4.860398 2.613281 9.960371 74.0 70.0 69.0 0.2 99 1992
1264 -2.868176 5.166049 15.874270 77.0 78.0 79.0 0.2 99 1993
1265 -2.425806 9.229993 21.004217 92.0 97.0 99.0 0.2 99 1994
1266 -4.646860 2.582907 10.206532 74.0 69.0 69.0 0.2 99 1995
1267 -2.642347 5.125246 16.075691 76.0 77.0 79.0 0.2 99 1996
1268 -2.469119 9.432995 20.951128 93.0 98.0 100.0 0.2 99 1997
1269 -4.684448 2.785671 10.176738 74.0 70.0 70.0 0.2 99 1998
1270 -2.679848 5.350933 16.610992 77.0 78.0 80.0 0.2 99 1999
1271 -2.463977 9.550933 20.990885 93.0 99.0 100.0 0.2 99 2000
1272 -4.677471 2.909519 10.209267 75.0 70.0 70.0 0.2 99 2001
1273 -2.671229 5.489584 16.996643 78.0 79.0 80.0 0.2 99 2002
1274 -2.379793 9.584045 21.143024 93.0 98.0 100.0 0.2 99 2003
1275 -4.596203 2.955464 10.309879 75.0 70.0 70.0 0.2 99 2004
1276 -2.584777 5.538556 17.244757 78.0 79.0 81.0 0.2 99 2005
1277 -4.485880 3.338401 10.622757 75.0 72.0 72.0 0.2 99 2006
1278 -2.464841 5.967630 18.502518 80.0 82.0 83.0 0.2 99 2007
1279 -4.485880 3.338401 10.622757 75.0 72.0 72.0 0.2 99 2008
1280 -2.464841 5.967630 18.502518 80.0 82.0 83.0 0.2 99 2009
1281 -7.203547 3.343303 8.464949 82.0 76.0 75.0 0.2 99 2010
1282 -4.359313 3.474360 10.875950 75.0 72.0 72.0 0.2 99 2011
1283 -2.330303 6.125745 19.075232 81.0 83.0 85.0 0.2 99 2012
1284 -7.041272 3.386364 8.544853 81.0 76.0 75.0 0.2 99 2013
1285 -4.187057 3.530013 11.126604 75.0 72.0 72.0 0.2 99 2014
1286 -2.149838 6.316252 19.693562 84.0 88.0 89.0 0.2 99 2015
1287 -8.805395 6.305920 12.754728 99.0 93.0 90.0 0.2 99 2016
1288 -6.090796 3.993834 9.772137 79.0 76.0 75.0 0.2 99 2017
1289 -3.161384 4.136233 12.978373 74.0 73.0 74.0 0.2 99 2018
1290 -1.106753 6.904594 21.124367 87.0 91.0 93.0 0.2 99 2019
1291 5.829181 -4.071818 19.132914 78.0 66.0 63.0 0.2 99 2020
1292 3.068762 -1.577107 17.757835 64.0 57.0 58.0 0.2 99 2021
1293 0.097722 -1.344019 14.294841 65.0 58.0 58.0 0.2 99 2022
1294 0.763675 2.650671 18.026316 64.0 64.0 66.0 0.2 99 2023
1295 -1.305148 0.431292 14.566838 63.0 58.0 59.0 0.2 99 2024
1296 1.249337 2.869246 18.775297 65.0 65.0 67.0 0.2 99 2025
1297 -0.826205 0.649097 14.955908 63.0 58.0 60.0 0.2 99 2026
1298 -1.115091 -2.817086 12.051560 68.0 58.0 58.0 0.2 99 2027
1299 1.111104 3.280297 19.055500 70.0 71.0 72.0 0.2 99 2028
1300 -1.023239 0.879974 14.936274 63.0 59.0 60.0 0.2 99 2029
1301 -1.309533 -2.589957 12.318087 68.0 58.0 57.0 0.2 99 2030
1302 1.215486 3.192973 19.026487 66.0 67.0 69.0 0.2 99 2031
1303 -0.876473 0.916787 15.047974 62.0 59.0 60.0 0.2 99 2032
1304 -1.162206 -2.563044 12.525174 67.0 58.0 57.0 0.2 99 2033
1305 2.796358 -8.462709 10.134881 56.0 47.0 46.0 0.2 99 2034
1306 1.329330 5.179698 22.409529 83.0 85.0 86.0 0.2 99 2035
1307 -0.807389 2.541384 16.248005 64.0 64.0 65.0 0.2 99 2036
1308 -1.102238 -1.094496 13.946602 65.0 57.0 57.0 0.2 99 2037
1309 -2.015040 6.906997 19.006414 90.0 94.0 95.0 0.2 99 2038
1310 -4.038563 4.087694 12.449812 77.0 75.0 75.0 0.2 99 2039
1311 -4.276490 0.277694 10.947943 72.0 64.0 63.0 0.2 99 2040
1312 2.281750 -5.893314 15.087950 59.0 54.0 55.0 0.2 99 2041
1313 5.201290 -3.837625 18.107197 75.0 64.0 62.0 0.2 99 2042
1314 -2.015040 6.906997 19.006414 90.0 94.0 95.0 0.2 99 2043
1315 -4.038563 4.087694 12.449812 77.0 75.0 75.0 0.2 99 2044
1316 -4.276490 0.277694 10.947943 72.0 64.0 63.0 0.2 99 2045
1317 2.281750 -5.893314 15.087950 59.0 54.0 55.0 0.2 99 2046
1318 5.201290 -3.837625 18.107197 75.0 64.0 62.0 0.2 99 2047
1319 -3.545277 8.351228 18.015425 95.0 97.0 98.0 0.2 99 2048
1320 -5.515226 5.515103 13.978838 82.0 82.0 81.0 0.2 99 2049
1321 -5.698327 1.618549 9.018907 76.0 69.0 67.0 0.2 99 2050
1322 3.752062 -2.297805 16.481123 67.0 59.0 59.0 0.2 99 2051
1323 -3.698955 8.502278 18.024752 95.0 98.0 99.0 0.2 99 2052
1324 -5.666636 5.685906 14.275890 84.0 83.0 83.0 0.2 99 2053
1325 -5.842694 1.769648 8.857828 76.0 69.0 68.0 0.2 99 2054
1326 0.812086 -4.301638 15.055984 64.0 60.0 61.0 0.2 99 2055
1327 3.594344 -2.134499 16.770899 66.0 59.0 59.0 0.2 99 2056
1328 -3.898667 8.732050 18.014301 96.0 98.0 99.0 0.2 99 2057
1329 -5.863778 5.944273 14.709894 86.0 85.0 84.0 0.2 99 2058
1330 -6.030309 1.997593 8.674282 77.0 70.0 69.0 0.2 99 2059
1331 0.677288 -4.040916 14.264266 65.0 61.0 62.0 0.2 99 2060
1332 3.386379 -1.895019 17.245686 65.0 58.0 58.0 0.2 99 2061
1333 -2.278976 9.259501 21.257509 91.0 97.0 99.0 0.2 99 2062
1334 -4.506554 2.630678 10.369954 74.0 69.0 69.0 0.2 99 2063
1335 -2.493421 5.174507 16.429790 76.0 78.0 79.0 0.2 99 2064
1336 3.703889 -6.178210 12.744007 65.0 56.0 55.0 0.2 99 2065
1337 2.790288 -2.462985 14.540219 70.0 62.0 61.0 0.2 99 2066
1338 -0.152410 -0.112980 15.031123 63.0 58.0 59.0 0.2 99 2067
1339 -3.147277 -0.018015 12.580902 69.0 61.0 61.0 0.2 99 2068
1340 -3.898667 8.732050 18.014301 96.0 98.0 99.0 0.2 99 2069
1341 -5.863778 5.944273 14.709894 86.0 85.0 84.0 0.2 99 2070
1342 -6.030309 1.997593 8.674282 77.0 70.0 69.0 0.2 99 2071
1343 0.677288 -4.040916 14.264266 65.0 61.0 62.0 0.2 99 2072
1344 3.386379 -1.895019 17.245686 65.0 58.0 58.0 0.2 99 2073
1345 -6.033679 9.214662 14.725279 107.0 106.0 105.0 0.2 99 2074
1346 -6.192844 4.842705 11.353129 82.0 80.0 79.0 0.2 99 2075
1347 -4.576264 1.095039 10.542560 73.0 65.0 65.0 0.2 99 2076
1348 -1.762164 -1.148418 13.485736 66.0 58.0 58.0 0.2 99 2077
1349 1.098078 -1.147601 12.670184 87.0 77.0 75.0 0.2 99 2078
1350 3.399211 0.891796 18.672779 71.0 68.0 68.0 0.2 99 2079
1351 -8.875322 6.087874 12.392131 99.0 92.0 89.0 0.2 99 2080
1352 -6.167332 3.782469 9.430932 79.0 75.0 74.0 0.2 99 2081
1353 -3.247576 3.922466 12.535187 74.0 72.0 73.0 0.2 99 2082
1354 -1.195538 6.723218 20.649044 87.0 92.0 93.0 0.2 99 2083
1355 0.826603 2.382356 17.881697 63.0 63.0 65.0 0.2 99 2084
1356 -1.231484 0.204644 14.518094 63.0 58.0 59.0 0.2 99 2085
1357 4.684975 -3.076029 16.549355 72.0 62.0 61.0 0.2 99 2086
1358 1.405845 -2.786760 11.688865 80.0 70.0 69.0 0.2 99 2087
1359 5.428286 -3.426622 17.946899 73.0 63.0 61.0 0.2 99 2088
1360 2.339277 -3.114765 12.624419 82.0 70.0 68.0 0.2 99 2089
1361 1.900039 1.153239 18.631557 61.0 59.0 61.0 0.2 99 2090
1362 -0.081987 -0.831755 14.429985 65.0 59.0 59.0 0.2 99 2091
1363 -5.282354 8.896269 14.590184 104.0 104.0 104.0 0.2 99 2092
1364 -5.449491 4.506675 11.416916 79.0 77.0 77.0 0.2 99 2093
1365 -3.829799 0.753770 11.699903 71.0 64.0 63.0 0.2 99 2094
1366 -0.996301 -1.513429 13.819420 65.0 57.0 57.0 0.2 99 2095
1367 1.910689 -1.579606 13.516212 87.0 76.0 74.0 0.2 99 2096
1368 -3.841249 7.927825 15.732582 98.0 99.0 100.0 0.2 99 2097
1369 -5.468890 11.521701 19.983631 106.0 110.0 110.0 0.2 99 2098
1370 -4.037138 3.550054 11.377453 75.0 73.0 73.0 0.2 99 2099
1371 -2.655287 7.454537 18.154133 93.0 96.0 97.0 0.2 99 2100
1372 -4.647854 4.569777 12.472962 78.0 77.0 77.0 0.2 99 2101
1373 -4.867311 0.760306 10.129265 74.0 66.0 65.0 0.2 99 2102
1374 4.635009 -3.266777 16.646597 72.0 63.0 61.0 0.2 99 2103
1375 -2.260938 7.040362 18.583986 91.0 94.0 95.0 0.2 99 2104
1376 -4.270463 4.167424 12.028996 76.0 75.0 75.0 0.2 99 2105
1377 -4.504588 0.390634 10.626079 73.0 65.0 64.0 0.2 99 2106
1378 4.985851 -3.696955 17.668261 74.0 64.0 62.0 0.2 99 2107
1379 -9.583810 6.883544 13.056177 104.0 98.0 94.0 0.2 99 2108
1380 -6.927644 4.580013 10.162281 84.0 80.0 79.0 0.2 99 2109
1381 -4.046859 4.834920 14.296110 78.0 78.0 79.0 0.2 99 2110
1382 -2.009574 7.521868 20.599861 88.0 92.0 94.0 0.2 99 2111
1383 1.868305 -2.030979 13.164848 84.0 74.0 72.0 0.2 99 2112
1384 1.554425 1.453946 18.298704 61.0 59.0 61.0 0.2 99 2113
1385 0.015007 5.932547 21.675835 86.0 89.0 90.0 0.2 99 2114
1386 -2.962751 8.386840 19.652390 91.0 95.0 97.0 0.2 99 2115
1387 -5.968225 8.279524 15.925115 101.0 100.0 99.0 0.2 99 2116
1388 -7.804154 5.426674 11.626690 91.0 86.0 84.0 0.2 99 2117
1389 1.054787 -1.973837 12.218842 82.0 73.0 72.0 0.2 99 2118
1390 -2.876213 6.983459 17.217358 93.0 95.0 96.0 0.2 99 2119
1391 -4.553409 10.674751 18.758348 103.0 106.0 107.0 0.2 99 2120
1392 -5.079877 0.322005 9.800220 74.0 66.0 64.0 0.2 99 2121
1393 -3.106233 2.565174 12.359358 70.0 67.0 67.0 0.2 99 2122
1394 -2.863899 7.887215 18.391405 93.0 96.0 97.0 0.2 99 2123
1395 -4.549046 11.519058 20.428379 104.0 108.0 109.0 0.2 99 2124
1396 -5.060111 1.167897 9.849502 74.0 66.0 66.0 0.2 99 2125
1397 -3.089383 3.525448 12.342459 72.0 70.0 71.0 0.2 99 2126
1398 -2.863899 7.887215 18.391405 93.0 96.0 97.0 0.2 99 2127
1399 -4.549046 11.519058 20.428379 104.0 108.0 109.0 0.2 99 2128
1400 -5.060111 1.167897 9.849502 74.0 66.0 66.0 0.2 99 2129
1401 -3.089383 3.525448 12.342459 72.0 70.0 71.0 0.2 99 2130
1402 5.047525 -3.034986 17.105461 72.0 62.0 61.0 0.2 99 2131
1403 2.073159 -2.712268 13.110879 81.0 70.0 68.0 0.2 99 2132
1404 3.269511 -6.459405 13.038033 61.0 54.0 54.0 0.2 99 2133
1405 2.545988 -2.744756 14.193007 72.0 63.0 62.0 0.2 99 2134
1406 -0.407187 -0.412438 14.743350 63.0 57.0 58.0 0.2 99 2135
1407 -3.393132 -0.305073 12.119010 70.0 61.0 61.0 0.2 99 2136
1408 3.269511 -6.459405 13.038033 61.0 54.0 54.0 0.2 99 2137
1409 2.545988 -2.744756 14.193007 72.0 63.0 62.0 0.2 99 2138
1410 -0.407187 -0.412438 14.743350 63.0 57.0 58.0 0.2 99 2139
1411 -3.393132 -0.305073 12.119010 70.0 61.0 61.0 0.2 99 2140
1412 1.283900 4.514220 21.567017 83.0 84.0 85.0 0.2 99 2141
1413 -1.719154 7.156810 20.094353 89.0 93.0 94.0 0.2 99 2142
1414 -4.757010 6.916080 17.731216 88.0 89.0 89.0 0.2 99 2143
1415 -6.647658 4.173624 9.606663 82.0 78.0 77.0 0.2 99 2144
1416 2.170585 -3.319738 13.144652 77.0 68.0 67.0 0.2 99 2145
1417 2.777478 1.170732 19.213013 65.0 62.0 63.0 0.2 99 2146
1418 -1.743176 8.017744 21.674370 86.0 92.0 93.0 0.2 99 2147
1419 -4.818620 8.195756 14.281752 101.0 102.0 102.0 0.2 99 2148
1420 -6.699287 5.200219 11.763103 85.0 82.0 81.0 0.2 99 2149
1421 2.569319 -2.361291 14.387298 70.0 62.0 61.0 0.2 99 2150
1422 1.787966 1.723895 18.708628 62.0 61.0 62.0 0.2 99 2151
1423 -0.234002 -0.338715 14.874049 63.0 58.0 58.0 0.2 99 2152
1424 -0.238603 5.963401 21.309330 86.0 90.0 91.0 0.2 99 2153
1425 -7.697374 11.866095 20.472824 109.0 113.0 112.0 0.2 99 2154
1426 -9.539115 9.349132 15.503712 111.0 108.0 105.0 0.2 99 2155
1427 -2.602750 -0.523262 13.044503 68.0 60.0 59.0 0.2 99 2156
1428 -0.569722 1.617828 15.698149 62.0 60.0 62.0 0.2 99 2157
1429 -4.631328 11.626134 20.595367 104.0 109.0 109.0 0.2 99 2158
1430 -6.596828 9.370710 14.983161 108.0 107.0 106.0 0.2 99 2159
1431 -6.752450 5.021919 11.266973 85.0 82.0 80.0 0.2 99 2160
1432 -5.139715 1.280212 9.732966 74.0 67.0 66.0 0.2 99 2161
1433 -2.344344 -0.939168 13.081672 68.0 59.0 58.0 0.2 99 2162
1434 0.498508 -0.886591 11.937809 87.0 78.0 77.0 0.2 99 2163
1435 -1.417738 5.506309 19.457659 85.0 88.0 89.0 0.2 99 2164
1436 -3.488744 2.724587 11.676459 73.0 70.0 70.0 0.2 99 2165
1437 -3.756589 -0.934650 11.113709 72.0 63.0 62.0 0.2 99 2166
1438 2.810421 -7.065049 11.752456 57.0 51.0 51.0 0.2 99 2167
1439 5.533295 -5.149116 17.977890 75.0 63.0 60.0 0.2 99 2168
1440 5.376333 -4.267083 18.020113 79.0 67.0 64.0 0.2 99 2169
1441 1.070924 1.896380 17.867533 62.0 61.0 63.0 0.2 99 2170
1442 -1.931698 2.041471 14.781007 65.0 62.0 63.0 0.2 99 2171
1443 -3.939820 -0.095871 11.349125 72.0 63.0 62.0 0.2 99 2172
1444 4.890844 -7.662522 16.815369 61.0 50.0 49.0 0.2 99 2173
1445 0.069056 5.652121 21.341858 86.0 89.0 90.0 0.2 99 2174
1446 -2.032235 2.847667 14.725914 67.0 65.0 67.0 0.2 99 2175
1447 -2.311444 -0.793404 13.203531 67.0 59.0 59.0 0.2 99 2176
1448 4.872332 -6.994065 17.015326 64.0 53.0 51.0 0.2 99 2177
1449 -0.631331 7.390618 22.649340 83.0 88.0 90.0 0.2 99 2178
1450 -2.964803 0.997094 12.773142 71.0 65.0 64.0 0.2 99 2179
1451 -0.850615 3.653285 17.963554 81.0 81.0 82.0 0.2 99 2180
1452 -0.631331 7.390618 22.649340 83.0 88.0 90.0 0.2 99 2181
1453 -2.964803 0.997094 12.773142 71.0 65.0 64.0 0.2 99 2182
1454 -0.850615 3.653285 17.963554 81.0 81.0 82.0 0.2 99 2183
1455 -0.464130 7.178436 22.651489 82.0 87.0 89.0 0.2 99 2184
1456 -2.806956 0.797984 12.976614 70.0 64.0 64.0 0.2 99 2185
1457 -0.685769 3.392131 17.708797 79.0 79.0 79.0 0.2 99 2186
1458 -0.464130 7.178436 22.651489 82.0 87.0 89.0 0.2 99 2187
1459 -2.806956 0.797984 12.976614 70.0 64.0 64.0 0.2 99 2188
1460 -0.685769 3.392131 17.708797 79.0 79.0 79.0 0.2 99 2189
